   1.2021468919848375E-002
   1.2021468910232369E-002
   1.2021468880985037E-002
   1.2021468832189089E-002
   1.2021468763764091E-002
   1.2021468675598888E-002
   1.2021468567550521E-002
   1.2021468439442930E-002
   1.2021468291067467E-002
   1.2021468122182719E-002
   1.2021467932512754E-002
   1.2021467721747451E-002
   1.2021467489539096E-002
   1.2021467235502117E-002
   1.2021466959218343E-002
   1.2021466660230707E-002
   1.2021466338036468E-002
   1.2021465992098116E-002
   1.2021465621832894E-002
   1.2021465226612574E-002
   1.2021464805766350E-002
   1.2021464358575366E-002
   1.2021463884270413E-002
   1.2021463382026983E-002
   1.2021462850969101E-002
   1.2021462290165735E-002
   1.2021461698624896E-002
   1.2021461075285466E-002
   1.2021460419032159E-002
   1.2021459728690623E-002
   1.2021459002974333E-002
   1.2021458240558225E-002
   1.2021457440023175E-002
   1.2021456599845505E-002
   1.2021455718455957E-002
   1.2021454794153705E-002
   1.2021453825132427E-002
   1.2021452809489699E-002
   1.2021451745207926E-002
   1.2021450630153394E-002
   1.2021449462063967E-002
   1.2021448238514580E-002
   1.2021446956950895E-002
   1.2021445614658056E-002
   1.2021444208753996E-002
   1.2021442736177383E-002
   1.2021441193654855E-002
   1.2021439577730709E-002
   1.2021437884721523E-002
   1.2021436110703346E-002
   1.2021434251494803E-002
   1.2021432302634394E-002
   1.2021430259377096E-002
   1.2021428116667935E-002
   1.2021425869087750E-002
   1.2021423510863764E-002
   1.2021421035830150E-002
   1.2021418437377241E-002
   1.2021415708448741E-002
   1.2021412841482669E-002
   1.2021409828374557E-002
   1.2021406660435866E-002
   1.2021403328346898E-002
   1.2021399822100492E-002
   1.2021396130940627E-002
   1.2021392243312530E-002
   1.2021388146780457E-002
   1.2021383827949476E-002
   1.2021379272400209E-002
   1.2021374464578981E-002
   1.2021369387708378E-002
   1.2021364023676645E-002
   1.2021358352916104E-002
   1.2021352354281875E-002
   1.2021346004894729E-002
   1.2021339279994193E-002
   1.2021332152768819E-002
   1.2021324594169852E-002
   1.2021316572704084E-002
   1.2021308054213871E-002
   1.2021299001642170E-002
   1.2021289374764091E-002
   1.2021279129910011E-002
   1.2021268219656850E-002
   1.2021256592497816E-002
   1.2021244192498634E-002
   1.2021230958922170E-002
   1.2021216825820490E-002
   1.2021201721632277E-002
   1.2021185568757404E-002
   1.2021168283094517E-002
   1.2021149773621523E-002
   1.2021129941948610E-002
   1.2021108681916439E-002
   1.2021085879229369E-002
   1.2021061411157183E-002
   1.2021035146351529E-002
   1.2021006944790309E-002
   1.2020976657950060E-002
   1.2020944129208183E-002
   1.2020909194624436E-002
   1.2020871684160540E-002
   1.2020831423428073E-002
   1.2020788236209352E-002
   1.2020741947789305E-002
   1.2020692389304798E-002
   1.2020639403361347E-002
   1.2020582851036046E-002
   1.2020522620528664E-002
   1.2020458637514492E-002
   1.2020390877395370E-002
   1.2020319379465478E-002
   1.2020244262741259E-002
   1.2020165743238866E-002
   1.2020084152059893E-002
   1.2019999953358708E-002
   1.2019913760958291E-002
   1.2019826351927025E-002
   1.2019738675132180E-002
   1.2019651852512636E-002
   1.2019567170776974E-002
   1.2019486061431467E-002
   1.2019410067624525E-002
   1.2019340797329848E-002
   1.2019279863641175E-002
   1.2019228814749707E-002
   1.2019189057841204E-002
   1.2019161782517459E-002
   1.2019147890574511E-002
   1.2019147938868919E-002
   1.2019162101310123E-002
   1.2019190154320311E-002
   1.2019231487480799E-002
   1.2019285138404915E-002
   1.2019349848200014E-002
   1.2019424131808969E-002
   1.2019506356415056E-002
   1.2019594820879109E-002
   1.2019687829955307E-002
   1.2019783758467019E-002
   1.2019881102315375E-002
   1.2019978515029558E-002
   1.2020074830085475E-002
   1.2020169070388251E-002
   1.2020260447062588E-002
   1.2020348350032366E-002
   1.2020432332858077E-002
   1.2020512094068120E-002
   1.2020587456902829E-002
   1.2020658348867643E-002
   1.2020724782273845E-002
   1.2020786836361855E-002
   1.2020844641399577E-002
   1.2020898364996061E-002
   1.2020948200551950E-002
   1.2020994357772685E-002
   1.2021037055007844E-002
   1.2021076513234794E-002
   1.2021112951446106E-002
   1.2021146583216841E-002
   1.2021177614218575E-002
   1.2021206240531043E-002
   1.2021232647588006E-002
   1.2021257009595996E-002
   1.2021279489312791E-002
   1.2021300238133550E-002
   1.2021319396362544E-002
   1.2021337093628263E-002
   1.2021353449393687E-002
   1.2021368573533137E-002
   1.2021382566938257E-002
   1.2021395522109592E-002
   1.2021407523788927E-002
   1.2021418649540669E-002
   1.2021428970307606E-002
   1.2021438550960113E-002
   1.2021447450793780E-002
   1.2021455724003396E-002
   1.2021463420125176E-002
   1.2021470584437862E-002
   1.2021477258328103E-002
   1.2021483479648903E-002
   1.2021489283024588E-002
   1.2021494700134283E-002
   1.2021499759981255E-002
   1.2021504489125841E-002
   1.2021508911908105E-002
   1.2021513050638652E-002
   1.2021516925785075E-002
   1.2021520556130014E-002
   1.2021523958910946E-002
   1.2021527149980994E-002
   1.2021530143903386E-002
   1.2021532954074451E-002
   1.2021535592835824E-002
   1.2021538071532115E-002
   1.2021540400621257E-002
   1.2021542589745100E-002
   1.2021544647802373E-002
   1.2021546583002106E-002
   1.2021548402907142E-002
   1.2021550114516943E-002
   1.2021551724305791E-002
   1.2021553238231255E-002
   1.2021554661810362E-002
   1.2021556000154537E-002
   1.2021557257975692E-002
   1.2021558439637507E-002
   1.2021559549201375E-002
   1.2021560590378495E-002
   1.2021561566620317E-002
   1.2021562481137478E-002
   1.2021563336850803E-002
   1.2021564136487537E-002
   1.2021564882566589E-002
   1.2021565577399085E-002
   1.2021566223108914E-002
   1.2021566821652825E-002
   1.2021567374829616E-002
   1.2021567884279466E-002
   1.2021568351496866E-002
   1.2021568777843467E-002
   1.2021569164552364E-002
   1.2021569512728583E-002
   1.2021569823364315E-002
   1.2021570097340331E-002
   1.2021570335425946E-002
   1.2021570538286180E-002
   1.2021570706485709E-002
   1.2021570840490971E-002
   1.2021570940672724E-002
   1.2021571007299498E-002
   1.2021571040571204E-002
   1.2021571040579365E-002
   1.2021571007307649E-002
   1.2021570940672620E-002
   1.2021570840490816E-002
   1.2021570706485707E-002
   1.2021570538286492E-002
   1.2021570335426321E-002
   1.2021570097340180E-002
   1.2021569823363889E-002
   1.2021569512728614E-002
   1.2021569164552466E-002
   1.2021568777843571E-002
   1.2021568351497054E-002
   1.2021567884279417E-002
   1.2021567374830101E-002
   1.2021566821653021E-002
   1.2021566223107875E-002
   1.2021565577398753E-002
   1.2021564882566624E-002
   1.2021564136487533E-002
   1.2021563336850774E-002
   1.2021562481137190E-002
   1.2021561566620848E-002
   1.2021560590379551E-002
   1.2021559549201867E-002
   1.2021558439637172E-002
   1.2021557257975478E-002
   1.2021556000154235E-002
   1.2021554661809418E-002
   1.2021553238230384E-002
   1.2021551724305749E-002
   1.2021550114517750E-002
   1.2021548402908320E-002
   1.2021546583002972E-002
   1.2021544647802149E-002
   1.2021542589744739E-002
   1.2021540400621464E-002
   1.2021538071531498E-002
   1.2021535592835591E-002
   1.2021532954075225E-002
   1.2021530143903791E-002
   1.2021527149980711E-002
   1.2021523958910461E-002
   1.2021520556129621E-002
   1.2021516925784232E-002
   1.2021513050637764E-002
   1.2021508911907470E-002
   1.2021504489125813E-002
   1.2021499759980866E-002
   1.2021494700133398E-002
   1.2021489283023334E-002
   1.2021483479647639E-002
   1.2021477258327737E-002
   1.2021470584436648E-002
   1.2021463420123590E-002
   1.2021455724003300E-002
   1.2021447450794647E-002
   1.2021438550960932E-002
   1.2021428970309053E-002
   1.2021418649542143E-002
   1.2021407523789386E-002
   1.2021395522109127E-002
   1.2021382566938292E-002
   1.2021368573534358E-002
   1.2021353449394421E-002
   1.2021337093627654E-002
   1.2021319396361928E-002
   1.2021300238132908E-002
   1.2021279489311639E-002
   1.2021257009595681E-002
   1.2021232647588581E-002
   1.2021206240531173E-002
   1.2021177614217971E-002
   1.2021146583216742E-002
   1.2021112951445414E-002
   1.2021076513233867E-002
   1.2021037055008349E-002
   1.2020994357773282E-002
   1.2020948200551836E-002
   1.2020898365003658E-002
   1.2020844641411014E-002
   1.2020786836366003E-002
   1.2020724782271223E-002
   1.2020658348857668E-002
   1.2020587456896098E-002
   1.2020512094067933E-002
   1.2020432332858074E-002
   1.2020348350032595E-002
   1.2020260447061976E-002
   1.2020169070388255E-002
   1.2020074830086358E-002
   1.2019978515030389E-002
   1.2019881102316039E-002
   1.2019783758466813E-002
   1.2019687829955095E-002
   1.2019594820879434E-002
   1.2019506356415023E-002
   1.2019424131809116E-002
   1.2019349848200498E-002
   1.2019285138404999E-002
   1.2019231487480546E-002
   1.2019190154320250E-002
   1.2019162101310207E-002
   1.2019147938868539E-002
   1.2019147890574282E-002
   1.2019161782509842E-002
   1.2019189057832872E-002
   1.2019228814749219E-002
   1.2019279863645945E-002
   1.2019340797340398E-002
   1.2019410067630404E-002
   1.2019486061431399E-002
   1.2019567170776851E-002
   1.2019651852512653E-002
   1.2019738675132192E-002
   1.2019826351926600E-002
   1.2019913760958154E-002
   1.2019999953358822E-002
   1.2020084152060136E-002
   1.2020165743238817E-002
   1.2020244262740941E-002
   1.2020319379465494E-002
   1.2020390877395214E-002
   1.2020458637524177E-002
   1.2020522620548783E-002
   1.2020582851048529E-002
   1.2020639403363453E-002
   1.2020692389304670E-002
   1.2020741947788280E-002
   1.2020788236201363E-002
   1.2020831423414390E-002
   1.2020871684153564E-002
   1.2020909194624646E-002
   1.2020944129208509E-002
   1.2020976657950402E-002
   1.2021006944790623E-002
   1.2021035146351123E-002
   1.2021061411156726E-002
   1.2021085879229768E-002
   1.2021108681916469E-002
   1.2021129941947815E-002
   1.2021149773621415E-002
   1.2021168283094781E-002
   1.2021185568757382E-002
   1.2021201721632443E-002
   1.2021216825820528E-002
   1.2021230958922021E-002
   1.2021244192498497E-002
   1.2021256592497965E-002
   1.2021268219656574E-002
   1.2021279129909626E-002
   1.2021289374764575E-002
   1.2021299001642687E-002
   1.2021308054214235E-002
   1.2021316572704404E-002
   1.2021324594170340E-002
   1.2021332152768479E-002
   1.2021339279993694E-002
   1.2021346004894620E-002
   1.2021352354281542E-002
   1.2021358352915540E-002
   1.2021364023676338E-002
   1.2021369387708062E-002
   1.2021374464577943E-002
   1.2021379272399374E-002
   1.2021383827949416E-002
   1.2021388146780240E-002
   1.2021392243312423E-002
   1.2021396130939683E-002
   1.2021399822098730E-002
   1.2021403328346886E-002
   1.2021406660436143E-002
   1.2021409828374640E-002
   1.2021412841482716E-002
   1.2021415708447895E-002
   1.2021418437378044E-002
   1.2021421035832567E-002
   1.2021423510865365E-002
   1.2021425869088432E-002
   1.2021428116667451E-002
   1.2021430259376284E-002
   1.2021432302634808E-002
   1.2021434251494606E-002
   1.2021436110702003E-002
   1.2021437884721637E-002
   1.2021439577731404E-002
   1.2021441193654293E-002
   1.2021442736175888E-002
   1.2021444208753829E-002
   1.2021445614658972E-002
   1.2021446956951936E-002
   1.2021448238515493E-002
   1.2021449462063310E-002
   1.2021450630152980E-002
   1.2021451745208642E-002
   1.2021452809489897E-002
   1.2021453825131416E-002
   1.2021454794153260E-002
   1.2021455718456668E-002
   1.2021456599846157E-002
   1.2021457440023120E-002
   1.2021458240557508E-002
   1.2021459002973451E-002
   1.2021459728690061E-002
   1.2021460419031861E-002
   1.2021461075285990E-002
   1.2021461698626036E-002
   1.2021462290166332E-002
   1.2021462850969118E-002
   1.2021463382027099E-002
   1.2021463884270592E-002
   1.2021464358575068E-002
   1.2021464805766192E-002
   1.2021465226612788E-002
   1.2021465621832735E-002
   1.2021465992097866E-002
   1.2021466338036822E-002
   1.2021466660231021E-002
   1.2021466959218264E-002
   1.2021467235502094E-002
   1.2021467489539665E-002
   1.2021467721747716E-002
   1.2021467932512110E-002
   1.2021468122182334E-002
   1.2021468291067684E-002
   1.2021468439443085E-002
   1.2021468567550630E-002
   1.2021468675598971E-002
   1.2021468763764113E-002
   1.2021468832189155E-002
   1.2021468880975418E-002
   1.2021468910094021E-002
   1.2021468919848375E-002
   1.2021468910232369E-002
   1.2021468880985037E-002
   1.2021468832189089E-002
   1.2021468763764091E-002
   1.2021468675598888E-002
   1.2021468567550521E-002
   1.2021468439442930E-002
   1.2021468291067467E-002
   1.2021468122182719E-002
   1.2021467932512754E-002
   1.2021467721747451E-002
   1.2021467489539096E-002
   1.2021467235502117E-002
   1.2021466959218343E-002
   1.2021466660230707E-002
   1.2021466338036468E-002
   1.2021465992098116E-002
   1.2021465621832894E-002
   1.2021465226612574E-002
   1.2021464805766350E-002
   1.2021464358575366E-002
   1.2021463884270413E-002
   1.2021463382026983E-002
   1.2021462850969101E-002
   1.2021462290165735E-002
   1.2021461698624896E-002
   1.2021461075285466E-002
   1.2021460419032159E-002
   1.2021459728690623E-002
   1.2021459002974333E-002
   1.2021458240558225E-002
   1.2021457440023175E-002
   1.2021456599845505E-002
   1.2021455718455957E-002
   1.2021454794153705E-002
   1.2021453825132427E-002
   1.2021452809489699E-002
   1.2021451745207926E-002
   1.2021450630153394E-002
   1.2021449462063967E-002
   1.2021448238514580E-002
   1.2021446956950895E-002
   1.2021445614658056E-002
   1.2021444208753996E-002
   1.2021442736177383E-002
   1.2021441193654855E-002
   1.2021439577730709E-002
   1.2021437884721523E-002
   1.2021436110703346E-002
   1.2021434251494803E-002
   1.2021432302634394E-002
   1.2021430259377096E-002
   1.2021428116667935E-002
   1.2021425869087750E-002
   1.2021423510863764E-002
   1.2021421035830150E-002
   1.2021418437377241E-002
   1.2021415708448741E-002
   1.2021412841482669E-002
   1.2021409828374557E-002
   1.2021406660435866E-002
   1.2021403328346898E-002
   1.2021399822100492E-002
   1.2021396130940627E-002
   1.2021392243312530E-002
   1.2021388146780457E-002
   1.2021383827949476E-002
   1.2021379272400209E-002
   1.2021374464578981E-002
   1.2021369387708378E-002
   1.2021364023676645E-002
   1.2021358352916104E-002
   1.2021352354281875E-002
   1.2021346004894729E-002
   1.2021339279994193E-002
   1.2021332152768819E-002
   1.2021324594169852E-002
   1.2021316572704084E-002
   1.2021308054213871E-002
   1.2021299001642170E-002
   1.2021289374764091E-002
   1.2021279129910011E-002
   1.2021268219656850E-002
   1.2021256592497816E-002
   1.2021244192498634E-002
   1.2021230958922170E-002
   1.2021216825820490E-002
   1.2021201721632277E-002
   1.2021185568757404E-002
   1.2021168283094517E-002
   1.2021149773621523E-002
   1.2021129941948610E-002
   1.2021108681916439E-002
   1.2021085879229369E-002
   1.2021061411157183E-002
   1.2021035146351529E-002
   1.2021006944790309E-002
   1.2020976657950060E-002
   1.2020944129208183E-002
   1.2020909194624436E-002
   1.2020871684160540E-002
   1.2020831423428073E-002
   1.2020788236209352E-002
   1.2020741947789305E-002
   1.2020692389304798E-002
   1.2020639403361347E-002
   1.2020582851036046E-002
   1.2020522620528664E-002
   1.2020458637514492E-002
   1.2020390877395370E-002
   1.2020319379465478E-002
   1.2020244262741259E-002
   1.2020165743238866E-002
   1.2020084152059893E-002
   1.2019999953358708E-002
   1.2019913760958291E-002
   1.2019826351927025E-002
   1.2019738675132180E-002
   1.2019651852512636E-002
   1.2019567170776974E-002
   1.2019486061431467E-002
   1.2019410067624525E-002
   1.2019340797329848E-002
   1.2019279863641175E-002
   1.2019228814749707E-002
   1.2019189057841204E-002
   1.2019161782517459E-002
   1.2019147890574511E-002
   1.2019147938868919E-002
   1.2019162101310123E-002
   1.2019190154320311E-002
   1.2019231487480799E-002
   1.2019285138404915E-002
   1.2019349848200014E-002
   1.2019424131808969E-002
   1.2019506356415056E-002
   1.2019594820879109E-002
   1.2019687829955307E-002
   1.2019783758467019E-002
   1.2019881102315375E-002
   1.2019978515029558E-002
   1.2020074830085475E-002
   1.2020169070388251E-002
   1.2020260447062588E-002
   1.2020348350032366E-002
   1.2020432332858077E-002
   1.2020512094068120E-002
   1.2020587456902829E-002
   1.2020658348867643E-002
   1.2020724782273845E-002
   1.2020786836361855E-002
   1.2020844641399577E-002
   1.2020898364996061E-002
   1.2020948200551950E-002
   1.2020994357772685E-002
   1.2021037055007844E-002
   1.2021076513234794E-002
   1.2021112951446106E-002
   1.2021146583216841E-002
   1.2021177614218575E-002
   1.2021206240531043E-002
   1.2021232647588006E-002
   1.2021257009595996E-002
   1.2021279489312791E-002
   1.2021300238133550E-002
   1.2021319396362544E-002
   1.2021337093628263E-002
   1.2021353449393687E-002
   1.2021368573533137E-002
   1.2021382566938257E-002
   1.2021395522109592E-002
   1.2021407523788927E-002
   1.2021418649540669E-002
   1.2021428970307606E-002
   1.2021438550960113E-002
   1.2021447450793780E-002
   1.2021455724003396E-002
   1.2021463420125176E-002
   1.2021470584437862E-002
   1.2021477258328103E-002
   1.2021483479648903E-002
   1.2021489283024588E-002
   1.2021494700134283E-002
   1.2021499759981255E-002
   1.2021504489125841E-002
   1.2021508911908105E-002
   1.2021513050638652E-002
   1.2021516925785075E-002
   1.2021520556130014E-002
   1.2021523958910946E-002
   1.2021527149980994E-002
   1.2021530143903386E-002
   1.2021532954074451E-002
   1.2021535592835824E-002
   1.2021538071532115E-002
   1.2021540400621257E-002
   1.2021542589745100E-002
   1.2021544647802373E-002
   1.2021546583002106E-002
   1.2021548402907142E-002
   1.2021550114516943E-002
   1.2021551724305791E-002
   1.2021553238231255E-002
   1.2021554661810362E-002
   1.2021556000154537E-002
   1.2021557257975692E-002
   1.2021558439637507E-002
   1.2021559549201375E-002
   1.2021560590378495E-002
   1.2021561566620317E-002
   1.2021562481137478E-002
   1.2021563336850803E-002
   1.2021564136487537E-002
   1.2021564882566589E-002
   1.2021565577399085E-002
   1.2021566223108914E-002
   1.2021566821652825E-002
   1.2021567374829616E-002
   1.2021567884279466E-002
   1.2021568351496866E-002
   1.2021568777843467E-002
   1.2021569164552364E-002
   1.2021569512728583E-002
   1.2021569823364315E-002
   1.2021570097340331E-002
   1.2021570335425946E-002
   1.2021570538286180E-002
   1.2021570706485709E-002
   1.2021570840490971E-002
   1.2021570940672724E-002
   1.2021571007299498E-002
   1.2021571040571204E-002
   1.2021571040579365E-002
   1.2021571007307649E-002
   1.2021570940672620E-002
   1.2021570840490816E-002
   1.2021570706485707E-002
   1.2021570538286492E-002
   1.2021570335426321E-002
   1.2021570097340180E-002
   1.2021569823363889E-002
   1.2021569512728614E-002
   1.2021569164552466E-002
   1.2021568777843571E-002
   1.2021568351497054E-002
   1.2021567884279417E-002
   1.2021567374830101E-002
   1.2021566821653021E-002
   1.2021566223107875E-002
   1.2021565577398753E-002
   1.2021564882566624E-002
   1.2021564136487533E-002
   1.2021563336850774E-002
   1.2021562481137190E-002
   1.2021561566620848E-002
   1.2021560590379551E-002
   1.2021559549201867E-002
   1.2021558439637172E-002
   1.2021557257975478E-002
   1.2021556000154235E-002
   1.2021554661809418E-002
   1.2021553238230384E-002
   1.2021551724305749E-002
   1.2021550114517750E-002
   1.2021548402908320E-002
   1.2021546583002972E-002
   1.2021544647802149E-002
   1.2021542589744739E-002
   1.2021540400621464E-002
   1.2021538071531498E-002
   1.2021535592835591E-002
   1.2021532954075225E-002
   1.2021530143903791E-002
   1.2021527149980711E-002
   1.2021523958910461E-002
   1.2021520556129621E-002
   1.2021516925784232E-002
   1.2021513050637764E-002
   1.2021508911907470E-002
   1.2021504489125813E-002
   1.2021499759980866E-002
   1.2021494700133398E-002
   1.2021489283023334E-002
   1.2021483479647639E-002
   1.2021477258327737E-002
   1.2021470584436648E-002
   1.2021463420123590E-002
   1.2021455724003300E-002
   1.2021447450794647E-002
   1.2021438550960932E-002
   1.2021428970309053E-002
   1.2021418649542143E-002
   1.2021407523789386E-002
   1.2021395522109127E-002
   1.2021382566938292E-002
   1.2021368573534358E-002
   1.2021353449394421E-002
   1.2021337093627654E-002
   1.2021319396361928E-002
   1.2021300238132908E-002
   1.2021279489311639E-002
   1.2021257009595681E-002
   1.2021232647588581E-002
   1.2021206240531173E-002
   1.2021177614217971E-002
   1.2021146583216742E-002
   1.2021112951445414E-002
   1.2021076513233867E-002
   1.2021037055008349E-002
   1.2020994357773282E-002
   1.2020948200551836E-002
   1.2020898365003658E-002
   1.2020844641411014E-002
   1.2020786836366003E-002
   1.2020724782271223E-002
   1.2020658348857668E-002
   1.2020587456896098E-002
   1.2020512094067933E-002
   1.2020432332858074E-002
   1.2020348350032595E-002
   1.2020260447061976E-002
   1.2020169070388255E-002
   1.2020074830086358E-002
   1.2019978515030389E-002
   1.2019881102316039E-002
   1.2019783758466813E-002
   1.2019687829955095E-002
   1.2019594820879434E-002
   1.2019506356415023E-002
   1.2019424131809116E-002
   1.2019349848200498E-002
   1.2019285138404999E-002
   1.2019231487480546E-002
   1.2019190154320250E-002
   1.2019162101310207E-002
   1.2019147938868539E-002
   1.2019147890574282E-002
   1.2019161782509842E-002
   1.2019189057832872E-002
   1.2019228814749219E-002
   1.2019279863645945E-002
   1.2019340797340398E-002
   1.2019410067630404E-002
   1.2019486061431399E-002
   1.2019567170776851E-002
   1.2019651852512653E-002
   1.2019738675132192E-002
   1.2019826351926600E-002
   1.2019913760958154E-002
   1.2019999953358822E-002
   1.2020084152060136E-002
   1.2020165743238817E-002
   1.2020244262740941E-002
   1.2020319379465494E-002
   1.2020390877395214E-002
   1.2020458637524177E-002
   1.2020522620548783E-002
   1.2020582851048529E-002
   1.2020639403363453E-002
   1.2020692389304670E-002
   1.2020741947788280E-002
   1.2020788236201363E-002
   1.2020831423414390E-002
   1.2020871684153564E-002
   1.2020909194624646E-002
   1.2020944129208509E-002
   1.2020976657950402E-002
   1.2021006944790623E-002
   1.2021035146351123E-002
   1.2021061411156726E-002
   1.2021085879229768E-002
   1.2021108681916469E-002
   1.2021129941947815E-002
   1.2021149773621415E-002
   1.2021168283094781E-002
   1.2021185568757382E-002
   1.2021201721632443E-002
   1.2021216825820528E-002
   1.2021230958922021E-002
   1.2021244192498497E-002
   1.2021256592497965E-002
   1.2021268219656574E-002
   1.2021279129909626E-002
   1.2021289374764575E-002
   1.2021299001642687E-002
   1.2021308054214235E-002
   1.2021316572704404E-002
   1.2021324594170340E-002
   1.2021332152768479E-002
   1.2021339279993694E-002
   1.2021346004894620E-002
   1.2021352354281542E-002
   1.2021358352915540E-002
   1.2021364023676338E-002
   1.2021369387708062E-002
   1.2021374464577943E-002
   1.2021379272399374E-002
   1.2021383827949416E-002
   1.2021388146780240E-002
   1.2021392243312423E-002
   1.2021396130939683E-002
   1.2021399822098730E-002
   1.2021403328346886E-002
   1.2021406660436143E-002
   1.2021409828374640E-002
   1.2021412841482716E-002
   1.2021415708447895E-002
   1.2021418437378044E-002
   1.2021421035832567E-002
   1.2021423510865365E-002
   1.2021425869088432E-002
   1.2021428116667451E-002
   1.2021430259376284E-002
   1.2021432302634808E-002
   1.2021434251494606E-002
   1.2021436110702003E-002
   1.2021437884721637E-002
   1.2021439577731404E-002
   1.2021441193654293E-002
   1.2021442736175888E-002
   1.2021444208753829E-002
   1.2021445614658972E-002
   1.2021446956951936E-002
   1.2021448238515493E-002
   1.2021449462063310E-002
   1.2021450630152980E-002
   1.2021451745208642E-002
   1.2021452809489897E-002
   1.2021453825131416E-002
   1.2021454794153260E-002
   1.2021455718456668E-002
   1.2021456599846157E-002
   1.2021457440023120E-002
   1.2021458240557508E-002
   1.2021459002973451E-002
   1.2021459728690061E-002
   1.2021460419031861E-002
   1.2021461075285990E-002
   1.2021461698626036E-002
   1.2021462290166332E-002
   1.2021462850969118E-002
   1.2021463382027099E-002
   1.2021463884270592E-002
   1.2021464358575068E-002
   1.2021464805766192E-002
   1.2021465226612788E-002
   1.2021465621832735E-002
   1.2021465992097866E-002
   1.2021466338036822E-002
   1.2021466660231021E-002
   1.2021466959218264E-002
   1.2021467235502094E-002
   1.2021467489539665E-002
   1.2021467721747716E-002
   1.2021467932512110E-002
   1.2021468122182334E-002
   1.2021468291067684E-002
   1.2021468439443085E-002
   1.2021468567550630E-002
   1.2021468675598971E-002
   1.2021468763764113E-002
   1.2021468832189155E-002
   1.2021468880975418E-002
   1.2021468910094021E-002
   1.2021468919848375E-002
   1.2021468910232369E-002
   1.2021468880985037E-002
   1.2021468832189089E-002
   1.2021468763764091E-002
   1.2021468675598888E-002
   1.2021468567550521E-002
   1.2021468439442930E-002
   1.2021468291067467E-002
   1.2021468122182719E-002
   1.2021467932512754E-002
   1.2021467721747451E-002
   1.2021467489539096E-002
   1.2021467235502117E-002
   1.2021466959218343E-002
   1.2021466660230707E-002
   1.2021466338036468E-002
   1.2021465992098116E-002
   1.2021465621832894E-002
   1.2021465226612574E-002
   1.2021464805766350E-002
   1.2021464358575366E-002
   1.2021463884270413E-002
   1.2021463382026983E-002
   1.2021462850969101E-002
   1.2021462290165735E-002
   1.2021461698624896E-002
   1.2021461075285466E-002
   1.2021460419032159E-002
   1.2021459728690623E-002
   1.2021459002974333E-002
   1.2021458240558225E-002
   1.2021457440023175E-002
   1.2021456599845505E-002
   1.2021455718455957E-002
   1.2021454794153705E-002
   1.2021453825132427E-002
   1.2021452809489699E-002
   1.2021451745207926E-002
   1.2021450630153394E-002
   1.2021449462063967E-002
   1.2021448238514580E-002
   1.2021446956950895E-002
   1.2021445614658056E-002
   1.2021444208753996E-002
   1.2021442736177383E-002
   1.2021441193654855E-002
   1.2021439577730709E-002
   1.2021437884721523E-002
   1.2021436110703346E-002
   1.2021434251494803E-002
   1.2021432302634394E-002
   1.2021430259377096E-002
   1.2021428116667935E-002
   1.2021425869087750E-002
   1.2021423510863764E-002
   1.2021421035830150E-002
   1.2021418437377241E-002
   1.2021415708448741E-002
   1.2021412841482669E-002
   1.2021409828374557E-002
   1.2021406660435866E-002
   1.2021403328346898E-002
   1.2021399822100492E-002
   1.2021396130940627E-002
   1.2021392243312530E-002
   1.2021388146780457E-002
   1.2021383827949476E-002
   1.2021379272400209E-002
   1.2021374464578981E-002
   1.2021369387708378E-002
   1.2021364023676645E-002
   1.2021358352916104E-002
   1.2021352354281875E-002
   1.2021346004894729E-002
   1.2021339279994193E-002
   1.2021332152768819E-002
   1.2021324594169852E-002
   1.2021316572704084E-002
   1.2021308054213871E-002
   1.2021299001642170E-002
   1.2021289374764091E-002
   1.2021279129910011E-002
   1.2021268219656850E-002
   1.2021256592497816E-002
   1.2021244192498634E-002
   1.2021230958922170E-002
   1.2021216825820490E-002
   1.2021201721632277E-002
   1.2021185568757404E-002
   1.2021168283094517E-002
   1.2021149773621523E-002
   1.2021129941948610E-002
   1.2021108681916439E-002
   1.2021085879229369E-002
   1.2021061411157183E-002
   1.2021035146351529E-002
   1.2021006944790309E-002
   1.2020976657950060E-002
   1.2020944129208183E-002
   1.2020909194624436E-002
   1.2020871684160540E-002
   1.2020831423428073E-002
   1.2020788236209352E-002
   1.2020741947789305E-002
   1.2020692389304798E-002
   1.2020639403361347E-002
   1.2020582851036046E-002
   1.2020522620528664E-002
   1.2020458637514492E-002
   1.2020390877395370E-002
   1.2020319379465478E-002
   1.2020244262741259E-002
   1.2020165743238866E-002
   1.2020084152059893E-002
   1.2019999953358708E-002
   1.2019913760958291E-002
   1.2019826351927025E-002
   1.2019738675132180E-002
   1.2019651852512636E-002
   1.2019567170776974E-002
   1.2019486061431467E-002
   1.2019410067624525E-002
   1.2019340797329848E-002
   1.2019279863641175E-002
   1.2019228814749707E-002
   1.2019189057841204E-002
   1.2019161782517459E-002
   1.2019147890574511E-002
   1.2019147938868919E-002
   1.2019162101310123E-002
   1.2019190154320311E-002
   1.2019231487480799E-002
   1.2019285138404915E-002
   1.2019349848200014E-002
   1.2019424131808969E-002
   1.2019506356415056E-002
   1.2019594820879109E-002
   1.2019687829955307E-002
   1.2019783758467019E-002
   1.2019881102315375E-002
   1.2019978515029558E-002
   1.2020074830085475E-002
   1.2020169070388251E-002
   1.2020260447062588E-002
   1.2020348350032366E-002
   1.2020432332858077E-002
   1.2020512094068120E-002
   1.2020587456902829E-002
   1.2020658348867643E-002
   1.2020724782273845E-002
   1.2020786836361855E-002
   1.2020844641399577E-002
   1.2020898364996061E-002
   1.2020948200551950E-002
   1.2020994357772685E-002
   1.2021037055007844E-002
   1.2021076513234794E-002
   1.2021112951446106E-002
   1.2021146583216841E-002
   1.2021177614218575E-002
   1.2021206240531043E-002
   1.2021232647588006E-002
   1.2021257009595996E-002
   1.2021279489312791E-002
   1.2021300238133550E-002
   1.2021319396362544E-002
   1.2021337093628263E-002
   1.2021353449393687E-002
   1.2021368573533137E-002
   1.2021382566938257E-002
   1.2021395522109592E-002
   1.2021407523788927E-002
   1.2021418649540669E-002
   1.2021428970307606E-002
   1.2021438550960113E-002
   1.2021447450793780E-002
   1.2021455724003396E-002
   1.2021463420125176E-002
   1.2021470584437862E-002
   1.2021477258328103E-002
   1.2021483479648903E-002
   1.2021489283024588E-002
   1.2021494700134283E-002
   1.2021499759981255E-002
   1.2021504489125841E-002
   1.2021508911908105E-002
   1.2021513050638652E-002
   1.2021516925785075E-002
   1.2021520556130014E-002
   1.2021523958910946E-002
   1.2021527149980994E-002
   1.2021530143903386E-002
   1.2021532954074451E-002
   1.2021535592835824E-002
   1.2021538071532115E-002
   1.2021540400621257E-002
   1.2021542589745100E-002
   1.2021544647802373E-002
   1.2021546583002106E-002
   1.2021548402907142E-002
   1.2021550114516943E-002
   1.2021551724305791E-002
   1.2021553238231255E-002
   1.2021554661810362E-002
   1.2021556000154537E-002
   1.2021557257975692E-002
   1.2021558439637507E-002
   1.2021559549201375E-002
   1.2021560590378495E-002
   1.2021561566620317E-002
   1.2021562481137478E-002
   1.2021563336850803E-002
   1.2021564136487537E-002
   1.2021564882566589E-002
   1.2021565577399085E-002
   1.2021566223108914E-002
   1.2021566821652825E-002
   1.2021567374829616E-002
   1.2021567884279466E-002
   1.2021568351496866E-002
   1.2021568777843467E-002
   1.2021569164552364E-002
   1.2021569512728583E-002
   1.2021569823364315E-002
   1.2021570097340331E-002
   1.2021570335425946E-002
   1.2021570538286180E-002
   1.2021570706485709E-002
   1.2021570840490971E-002
   1.2021570940672724E-002
   1.2021571007299498E-002
   1.2021571040571204E-002
   1.2021571040579365E-002
   1.2021571007307649E-002
   1.2021570940672620E-002
   1.2021570840490816E-002
   1.2021570706485707E-002
   1.2021570538286492E-002
   1.2021570335426321E-002
   1.2021570097340180E-002
   1.2021569823363889E-002
   1.2021569512728614E-002
   1.2021569164552466E-002
   1.2021568777843571E-002
   1.2021568351497054E-002
   1.2021567884279417E-002
   1.2021567374830101E-002
   1.2021566821653021E-002
   1.2021566223107875E-002
   1.2021565577398753E-002
   1.2021564882566624E-002
   1.2021564136487533E-002
   1.2021563336850774E-002
   1.2021562481137190E-002
   1.2021561566620848E-002
   1.2021560590379551E-002
   1.2021559549201867E-002
   1.2021558439637172E-002
   1.2021557257975478E-002
   1.2021556000154235E-002
   1.2021554661809418E-002
   1.2021553238230384E-002
   1.2021551724305749E-002
   1.2021550114517750E-002
   1.2021548402908320E-002
   1.2021546583002972E-002
   1.2021544647802149E-002
   1.2021542589744739E-002
   1.2021540400621464E-002
   1.2021538071531498E-002
   1.2021535592835591E-002
   1.2021532954075225E-002
   1.2021530143903791E-002
   1.2021527149980711E-002
   1.2021523958910461E-002
   1.2021520556129621E-002
   1.2021516925784232E-002
   1.2021513050637764E-002
   1.2021508911907470E-002
   1.2021504489125813E-002
   1.2021499759980866E-002
   1.2021494700133398E-002
   1.2021489283023334E-002
   1.2021483479647639E-002
   1.2021477258327737E-002
   1.2021470584436648E-002
   1.2021463420123590E-002
   1.2021455724003300E-002
   1.2021447450794647E-002
   1.2021438550960932E-002
   1.2021428970309053E-002
   1.2021418649542143E-002
   1.2021407523789386E-002
   1.2021395522109127E-002
   1.2021382566938292E-002
   1.2021368573534358E-002
   1.2021353449394421E-002
   1.2021337093627654E-002
   1.2021319396361928E-002
   1.2021300238132908E-002
   1.2021279489311639E-002
   1.2021257009595681E-002
   1.2021232647588581E-002
   1.2021206240531173E-002
   1.2021177614217971E-002
   1.2021146583216742E-002
   1.2021112951445414E-002
   1.2021076513233867E-002
   1.2021037055008349E-002
   1.2020994357773282E-002
   1.2020948200551836E-002
   1.2020898365003658E-002
   1.2020844641411014E-002
   1.2020786836366003E-002
   1.2020724782271223E-002
   1.2020658348857668E-002
   1.2020587456896098E-002
   1.2020512094067933E-002
   1.2020432332858074E-002
   1.2020348350032595E-002
   1.2020260447061976E-002
   1.2020169070388255E-002
   1.2020074830086358E-002
   1.2019978515030389E-002
   1.2019881102316039E-002
   1.2019783758466813E-002
   1.2019687829955095E-002
   1.2019594820879434E-002
   1.2019506356415023E-002
   1.2019424131809116E-002
   1.2019349848200498E-002
   1.2019285138404999E-002
   1.2019231487480546E-002
   1.2019190154320250E-002
   1.2019162101310207E-002
   1.2019147938868539E-002
   1.2019147890574282E-002
   1.2019161782509842E-002
   1.2019189057832872E-002
   1.2019228814749219E-002
   1.2019279863645945E-002
   1.2019340797340398E-002
   1.2019410067630404E-002
   1.2019486061431399E-002
   1.2019567170776851E-002
   1.2019651852512653E-002
   1.2019738675132192E-002
   1.2019826351926600E-002
   1.2019913760958154E-002
   1.2019999953358822E-002
   1.2020084152060136E-002
   1.2020165743238817E-002
   1.2020244262740941E-002
   1.2020319379465494E-002
   1.2020390877395214E-002
   1.2020458637524177E-002
   1.2020522620548783E-002
   1.2020582851048529E-002
   1.2020639403363453E-002
   1.2020692389304670E-002
   1.2020741947788280E-002
   1.2020788236201363E-002
   1.2020831423414390E-002
   1.2020871684153564E-002
   1.2020909194624646E-002
   1.2020944129208509E-002
   1.2020976657950402E-002
   1.2021006944790623E-002
   1.2021035146351123E-002
   1.2021061411156726E-002
   1.2021085879229768E-002
   1.2021108681916469E-002
   1.2021129941947815E-002
   1.2021149773621415E-002
   1.2021168283094781E-002
   1.2021185568757382E-002
   1.2021201721632443E-002
   1.2021216825820528E-002
   1.2021230958922021E-002
   1.2021244192498497E-002
   1.2021256592497965E-002
   1.2021268219656574E-002
   1.2021279129909626E-002
   1.2021289374764575E-002
   1.2021299001642687E-002
   1.2021308054214235E-002
   1.2021316572704404E-002
   1.2021324594170340E-002
   1.2021332152768479E-002
   1.2021339279993694E-002
   1.2021346004894620E-002
   1.2021352354281542E-002
   1.2021358352915540E-002
   1.2021364023676338E-002
   1.2021369387708062E-002
   1.2021374464577943E-002
   1.2021379272399374E-002
   1.2021383827949416E-002
   1.2021388146780240E-002
   1.2021392243312423E-002
   1.2021396130939683E-002
   1.2021399822098730E-002
   1.2021403328346886E-002
   1.2021406660436143E-002
   1.2021409828374640E-002
   1.2021412841482716E-002
   1.2021415708447895E-002
   1.2021418437378044E-002
   1.2021421035832567E-002
   1.2021423510865365E-002
   1.2021425869088432E-002
   1.2021428116667451E-002
   1.2021430259376284E-002
   1.2021432302634808E-002
   1.2021434251494606E-002
   1.2021436110702003E-002
   1.2021437884721637E-002
   1.2021439577731404E-002
   1.2021441193654293E-002
   1.2021442736175888E-002
   1.2021444208753829E-002
   1.2021445614658972E-002
   1.2021446956951936E-002
   1.2021448238515493E-002
   1.2021449462063310E-002
   1.2021450630152980E-002
   1.2021451745208642E-002
   1.2021452809489897E-002
   1.2021453825131416E-002
   1.2021454794153260E-002
   1.2021455718456668E-002
   1.2021456599846157E-002
   1.2021457440023120E-002
   1.2021458240557508E-002
   1.2021459002973451E-002
   1.2021459728690061E-002
   1.2021460419031861E-002
   1.2021461075285990E-002
   1.2021461698626036E-002
   1.2021462290166332E-002
   1.2021462850969118E-002
   1.2021463382027099E-002
   1.2021463884270592E-002
   1.2021464358575068E-002
   1.2021464805766192E-002
   1.2021465226612788E-002
   1.2021465621832735E-002
   1.2021465992097866E-002
   1.2021466338036822E-002
   1.2021466660231021E-002
   1.2021466959218264E-002
   1.2021467235502094E-002
   1.2021467489539665E-002
   1.2021467721747716E-002
   1.2021467932512110E-002
   1.2021468122182334E-002
   1.2021468291067684E-002
   1.2021468439443085E-002
   1.2021468567550630E-002
   1.2021468675598971E-002
   1.2021468763764113E-002
   1.2021468832189155E-002
   1.2021468880975418E-002
   1.2021468910094021E-002
   1.2021468919848375E-002
   1.2021468910232369E-002
   1.2021468880985037E-002
   1.2021468832189089E-002
   1.2021468763764091E-002
   1.2021468675598888E-002
   1.2021468567550521E-002
   1.2021468439442930E-002
   1.2021468291067467E-002
   1.2021468122182719E-002
   1.2021467932512754E-002
   1.2021467721747451E-002
   1.2021467489539096E-002
   1.2021467235502117E-002
   1.2021466959218343E-002
   1.2021466660230707E-002
   1.2021466338036468E-002
   1.2021465992098116E-002
   1.2021465621832894E-002
   1.2021465226612574E-002
   1.2021464805766350E-002
   1.2021464358575366E-002
   1.2021463884270413E-002
   1.2021463382026983E-002
   1.2021462850969101E-002
   1.2021462290165735E-002
   1.2021461698624896E-002
   1.2021461075285466E-002
   1.2021460419032159E-002
   1.2021459728690623E-002
   1.2021459002974333E-002
   1.2021458240558225E-002
   1.2021457440023175E-002
   1.2021456599845505E-002
   1.2021455718455957E-002
   1.2021454794153705E-002
   1.2021453825132427E-002
   1.2021452809489699E-002
   1.2021451745207926E-002
   1.2021450630153394E-002
   1.2021449462063967E-002
   1.2021448238514580E-002
   1.2021446956950895E-002
   1.2021445614658056E-002
   1.2021444208753996E-002
   1.2021442736177383E-002
   1.2021441193654855E-002
   1.2021439577730709E-002
   1.2021437884721523E-002
   1.2021436110703346E-002
   1.2021434251494803E-002
   1.2021432302634394E-002
   1.2021430259377096E-002
   1.2021428116667935E-002
   1.2021425869087750E-002
   1.2021423510863764E-002
   1.2021421035830150E-002
   1.2021418437377241E-002
   1.2021415708448741E-002
   1.2021412841482669E-002
   1.2021409828374557E-002
   1.2021406660435866E-002
   1.2021403328346898E-002
   1.2021399822100492E-002
   1.2021396130940627E-002
   1.2021392243312530E-002
   1.2021388146780457E-002
   1.2021383827949476E-002
   1.2021379272400209E-002
   1.2021374464578981E-002
   1.2021369387708378E-002
   1.2021364023676645E-002
   1.2021358352916104E-002
   1.2021352354281875E-002
   1.2021346004894729E-002
   1.2021339279994193E-002
   1.2021332152768819E-002
   1.2021324594169852E-002
   1.2021316572704084E-002
   1.2021308054213871E-002
   1.2021299001642170E-002
   1.2021289374764091E-002
   1.2021279129910011E-002
   1.2021268219656850E-002
   1.2021256592497816E-002
   1.2021244192498634E-002
   1.2021230958922170E-002
   1.2021216825820490E-002
   1.2021201721632277E-002
   1.2021185568757404E-002
   1.2021168283094517E-002
   1.2021149773621523E-002
   1.2021129941948610E-002
   1.2021108681916439E-002
   1.2021085879229369E-002
   1.2021061411157183E-002
   1.2021035146351529E-002
   1.2021006944790309E-002
   1.2020976657950060E-002
   1.2020944129208183E-002
   1.2020909194624436E-002
   1.2020871684160540E-002
   1.2020831423428073E-002
   1.2020788236209352E-002
   1.2020741947789305E-002
   1.2020692389304798E-002
   1.2020639403361347E-002
   1.2020582851036046E-002
   1.2020522620528664E-002
   1.2020458637514492E-002
   1.2020390877395370E-002
   1.2020319379465478E-002
   1.2020244262741259E-002
   1.2020165743238866E-002
   1.2020084152059893E-002
   1.2019999953358708E-002
   1.2019913760958291E-002
   1.2019826351927025E-002
   1.2019738675132180E-002
   1.2019651852512636E-002
   1.2019567170776974E-002
   1.2019486061431467E-002
   1.2019410067624525E-002
   1.2019340797329848E-002
   1.2019279863641175E-002
   1.2019228814749707E-002
   1.2019189057841204E-002
   1.2019161782517459E-002
   1.2019147890574511E-002
   1.2019147938868919E-002
   1.2019162101310123E-002
   1.2019190154320311E-002
   1.2019231487480799E-002
   1.2019285138404915E-002
   1.2019349848200014E-002
   1.2019424131808969E-002
   1.2019506356415056E-002
   1.2019594820879109E-002
   1.2019687829955307E-002
   1.2019783758467019E-002
   1.2019881102315375E-002
   1.2019978515029558E-002
   1.2020074830085475E-002
   1.2020169070388251E-002
   1.2020260447062588E-002
   1.2020348350032366E-002
   1.2020432332858077E-002
   1.2020512094068120E-002
   1.2020587456902829E-002
   1.2020658348867643E-002
   1.2020724782273845E-002
   1.2020786836361855E-002
   1.2020844641399577E-002
   1.2020898364996061E-002
   1.2020948200551950E-002
   1.2020994357772685E-002
   1.2021037055007844E-002
   1.2021076513234794E-002
   1.2021112951446106E-002
   1.2021146583216841E-002
   1.2021177614218575E-002
   1.2021206240531043E-002
   1.2021232647588006E-002
   1.2021257009595996E-002
   1.2021279489312791E-002
   1.2021300238133550E-002
   1.2021319396362544E-002
   1.2021337093628263E-002
   1.2021353449393687E-002
   1.2021368573533137E-002
   1.2021382566938257E-002
   1.2021395522109592E-002
   1.2021407523788927E-002
   1.2021418649540669E-002
   1.2021428970307606E-002
   1.2021438550960113E-002
   1.2021447450793780E-002
   1.2021455724003396E-002
   1.2021463420125176E-002
   1.2021470584437862E-002
   1.2021477258328103E-002
   1.2021483479648903E-002
   1.2021489283024588E-002
   1.2021494700134283E-002
   1.2021499759981255E-002
   1.2021504489125841E-002
   1.2021508911908105E-002
   1.2021513050638652E-002
   1.2021516925785075E-002
   1.2021520556130014E-002
   1.2021523958910946E-002
   1.2021527149980994E-002
   1.2021530143903386E-002
   1.2021532954074451E-002
   1.2021535592835824E-002
   1.2021538071532115E-002
   1.2021540400621257E-002
   1.2021542589745100E-002
   1.2021544647802373E-002
   1.2021546583002106E-002
   1.2021548402907142E-002
   1.2021550114516943E-002
   1.2021551724305791E-002
   1.2021553238231255E-002
   1.2021554661810362E-002
   1.2021556000154537E-002
   1.2021557257975692E-002
   1.2021558439637507E-002
   1.2021559549201375E-002
   1.2021560590378495E-002
   1.2021561566620317E-002
   1.2021562481137478E-002
   1.2021563336850803E-002
   1.2021564136487537E-002
   1.2021564882566589E-002
   1.2021565577399085E-002
   1.2021566223108914E-002
   1.2021566821652825E-002
   1.2021567374829616E-002
   1.2021567884279466E-002
   1.2021568351496866E-002
   1.2021568777843467E-002
   1.2021569164552364E-002
   1.2021569512728583E-002
   1.2021569823364315E-002
   1.2021570097340331E-002
   1.2021570335425946E-002
   1.2021570538286180E-002
   1.2021570706485709E-002
   1.2021570840490971E-002
   1.2021570940672724E-002
   1.2021571007299498E-002
   1.2021571040571204E-002
   1.2021571040579365E-002
   1.2021571007307649E-002
   1.2021570940672620E-002
   1.2021570840490816E-002
   1.2021570706485707E-002
   1.2021570538286492E-002
   1.2021570335426321E-002
   1.2021570097340180E-002
   1.2021569823363889E-002
   1.2021569512728614E-002
   1.2021569164552466E-002
   1.2021568777843571E-002
   1.2021568351497054E-002
   1.2021567884279417E-002
   1.2021567374830101E-002
   1.2021566821653021E-002
   1.2021566223107875E-002
   1.2021565577398753E-002
   1.2021564882566624E-002
   1.2021564136487533E-002
   1.2021563336850774E-002
   1.2021562481137190E-002
   1.2021561566620848E-002
   1.2021560590379551E-002
   1.2021559549201867E-002
   1.2021558439637172E-002
   1.2021557257975478E-002
   1.2021556000154235E-002
   1.2021554661809418E-002
   1.2021553238230384E-002
   1.2021551724305749E-002
   1.2021550114517750E-002
   1.2021548402908320E-002
   1.2021546583002972E-002
   1.2021544647802149E-002
   1.2021542589744739E-002
   1.2021540400621464E-002
   1.2021538071531498E-002
   1.2021535592835591E-002
   1.2021532954075225E-002
   1.2021530143903791E-002
   1.2021527149980711E-002
   1.2021523958910461E-002
   1.2021520556129621E-002
   1.2021516925784232E-002
   1.2021513050637764E-002
   1.2021508911907470E-002
   1.2021504489125813E-002
   1.2021499759980866E-002
   1.2021494700133398E-002
   1.2021489283023334E-002
   1.2021483479647639E-002
   1.2021477258327737E-002
   1.2021470584436648E-002
   1.2021463420123590E-002
   1.2021455724003300E-002
   1.2021447450794647E-002
   1.2021438550960932E-002
   1.2021428970309053E-002
   1.2021418649542143E-002
   1.2021407523789386E-002
   1.2021395522109127E-002
   1.2021382566938292E-002
   1.2021368573534358E-002
   1.2021353449394421E-002
   1.2021337093627654E-002
   1.2021319396361928E-002
   1.2021300238132908E-002
   1.2021279489311639E-002
   1.2021257009595681E-002
   1.2021232647588581E-002
   1.2021206240531173E-002
   1.2021177614217971E-002
   1.2021146583216742E-002
   1.2021112951445414E-002
   1.2021076513233867E-002
   1.2021037055008349E-002
   1.2020994357773282E-002
   1.2020948200551836E-002
   1.2020898365003658E-002
   1.2020844641411014E-002
   1.2020786836366003E-002
   1.2020724782271223E-002
   1.2020658348857668E-002
   1.2020587456896098E-002
   1.2020512094067933E-002
   1.2020432332858074E-002
   1.2020348350032595E-002
   1.2020260447061976E-002
   1.2020169070388255E-002
   1.2020074830086358E-002
   1.2019978515030389E-002
   1.2019881102316039E-002
   1.2019783758466813E-002
   1.2019687829955095E-002
   1.2019594820879434E-002
   1.2019506356415023E-002
   1.2019424131809116E-002
   1.2019349848200498E-002
   1.2019285138404999E-002
   1.2019231487480546E-002
   1.2019190154320250E-002
   1.2019162101310207E-002
   1.2019147938868539E-002
   1.2019147890574282E-002
   1.2019161782509842E-002
   1.2019189057832872E-002
   1.2019228814749219E-002
   1.2019279863645945E-002
   1.2019340797340398E-002
   1.2019410067630404E-002
   1.2019486061431399E-002
   1.2019567170776851E-002
   1.2019651852512653E-002
   1.2019738675132192E-002
   1.2019826351926600E-002
   1.2019913760958154E-002
   1.2019999953358822E-002
   1.2020084152060136E-002
   1.2020165743238817E-002
   1.2020244262740941E-002
   1.2020319379465494E-002
   1.2020390877395214E-002
   1.2020458637524177E-002
   1.2020522620548783E-002
   1.2020582851048529E-002
   1.2020639403363453E-002
   1.2020692389304670E-002
   1.2020741947788280E-002
   1.2020788236201363E-002
   1.2020831423414390E-002
   1.2020871684153564E-002
   1.2020909194624646E-002
   1.2020944129208509E-002
   1.2020976657950402E-002
   1.2021006944790623E-002
   1.2021035146351123E-002
   1.2021061411156726E-002
   1.2021085879229768E-002
   1.2021108681916469E-002
   1.2021129941947815E-002
   1.2021149773621415E-002
   1.2021168283094781E-002
   1.2021185568757382E-002
   1.2021201721632443E-002
   1.2021216825820528E-002
   1.2021230958922021E-002
   1.2021244192498497E-002
   1.2021256592497965E-002
   1.2021268219656574E-002
   1.2021279129909626E-002
   1.2021289374764575E-002
   1.2021299001642687E-002
   1.2021308054214235E-002
   1.2021316572704404E-002
   1.2021324594170340E-002
   1.2021332152768479E-002
   1.2021339279993694E-002
   1.2021346004894620E-002
   1.2021352354281542E-002
   1.2021358352915540E-002
   1.2021364023676338E-002
   1.2021369387708062E-002
   1.2021374464577943E-002
   1.2021379272399374E-002
   1.2021383827949416E-002
   1.2021388146780240E-002
   1.2021392243312423E-002
   1.2021396130939683E-002
   1.2021399822098730E-002
   1.2021403328346886E-002
   1.2021406660436143E-002
   1.2021409828374640E-002
   1.2021412841482716E-002
   1.2021415708447895E-002
   1.2021418437378044E-002
   1.2021421035832567E-002
   1.2021423510865365E-002
   1.2021425869088432E-002
   1.2021428116667451E-002
   1.2021430259376284E-002
   1.2021432302634808E-002
   1.2021434251494606E-002
   1.2021436110702003E-002
   1.2021437884721637E-002
   1.2021439577731404E-002
   1.2021441193654293E-002
   1.2021442736175888E-002
   1.2021444208753829E-002
   1.2021445614658972E-002
   1.2021446956951936E-002
   1.2021448238515493E-002
   1.2021449462063310E-002
   1.2021450630152980E-002
   1.2021451745208642E-002
   1.2021452809489897E-002
   1.2021453825131416E-002
   1.2021454794153260E-002
   1.2021455718456668E-002
   1.2021456599846157E-002
   1.2021457440023120E-002
   1.2021458240557508E-002
   1.2021459002973451E-002
   1.2021459728690061E-002
   1.2021460419031861E-002
   1.2021461075285990E-002
   1.2021461698626036E-002
   1.2021462290166332E-002
   1.2021462850969118E-002
   1.2021463382027099E-002
   1.2021463884270592E-002
   1.2021464358575068E-002
   1.2021464805766192E-002
   1.2021465226612788E-002
   1.2021465621832735E-002
   1.2021465992097866E-002
   1.2021466338036822E-002
   1.2021466660231021E-002
   1.2021466959218264E-002
   1.2021467235502094E-002
   1.2021467489539665E-002
   1.2021467721747716E-002
   1.2021467932512110E-002
   1.2021468122182334E-002
   1.2021468291067684E-002
   1.2021468439443085E-002
   1.2021468567550630E-002
   1.2021468675598971E-002
   1.2021468763764113E-002
   1.2021468832189155E-002
   1.2021468880975418E-002
   1.2021468910094021E-002
