   1.3200000000000043        1.2461390671007251E-016
   1.3199749657091511        6.0107344599882933E-003
   1.3198998628192966        1.2021051838534195E-002
   1.3197746912771475        1.8030534966168837E-002
   1.3195994509893112        2.4038766497141123E-002
   1.3193741418154263        3.0045328820699657E-002
   1.3190987635585274        3.6049803971691760E-002
   1.3187733159526920        4.2051773540235607E-002
   1.3183977986478910        4.8050818580239657E-002
   1.3179722111920908        5.4046519516523957E-002
   1.3174965530105958        6.0038456050313362E-002
   1.3169708233825836        6.6026207062841971E-002
   1.3163950214148901        7.2009350516838044E-002
   1.3157691460129686        7.7987463355614461E-002
   1.3150931958490446        8.3960121399520291E-002
   1.3143671693274912        8.9926899239481203E-002
   1.3135910645473203        9.5887370127346022E-002
   1.3127648792618638       0.10184110586275812     
   1.3118886108356285       0.10778767667628483     
   1.3109622561982019       0.11372665110844474     
   1.3099858117953596       0.11965759588439268     
   1.3089592735372226       0.12558007578387476     
   1.3078826367435141       0.13149365350615985     
   1.3067558960858894       0.13739788952956294     
   1.3055790455273284       0.14329234196522722     
   1.3043520782585383       0.14917656640475307     
   1.3030749866313975       0.15505011576129885     
   1.3017477620894009       0.16091254010371286     
   1.3003703950951000       0.16676338648327854     
   1.2989428750545098       0.17260219875261495     
   1.2974651902384780       0.17842851737622620     
   1.2959373277010100       0.18424187923216712     
   1.2943592731945401       0.19004181740445478     
   1.2927310110821209       0.19582786096535315     
   1.2910525242465500       0.20159953474729259     
   1.2893237939964290       0.20735635910352218     
   1.2875447999691423       0.21309784965694634     
   1.2857155200307930       0.21882351703644959     
   1.2838359301730664       0.22453286659993948     
   1.2819060044070938       0.23022539814331811     
   1.2799257146543017       0.23590060559456949     
   1.2778950306343091       0.24155797669204160     
   1.2758139197499452       0.24719699264600276     
   1.2736823469693641       0.25281712778250498     
   1.2715002747054538       0.25841784916840405     
   1.2692676626925177       0.26399861621651760     
   1.2669844678604520       0.26955888026960079     
   1.2646506442064509       0.27509808416195608     
   1.2622661426644708       0.28061566175726699     
   1.2598309109726213       0.28611103746118211     
   1.2573448935387008       0.29158362570714519     
   1.2548080313041481       0.29703283041376322     
   1.2522202616067040       0.30245804441199464     
   1.2495815180421426       0.30785864884024494     
   1.2468917303254801       0.31323401250536065     
   1.2441508241521300       0.31858349120733653     
   1.2413587210595554       0.32390642702554917     
   1.2385153382900269       0.32920214756389704     
   1.2356205886552400       0.33446996515238275     
   1.2326743804035776       0.33970917600223632     
   1.2296766170909812       0.34491905931162137     
   1.2266271974565126       0.35009887631872605     
   1.2235260153038381       0.35524786929881613     
   1.2203729593900376       0.36036526050161310     
   1.2171679133233531       0.36545025102508677     
   1.2139107554717126       0.37050201962151857     
   1.2106013588841080       0.37551972143141971     
   1.2072395912272227       0.38050248664054265     
   1.2038253147399685       0.38544941905499053     
   1.2003583862090905       0.39035959458909075     
   1.1968386569692426       0.39523205966028674     
   1.1932659729315915       0.40006582948511987     
   1.1896401746454117       0.40485988626981967     
   1.1859610973978285       0.40961317728885327     
   1.1822285713575402       0.41432461284426536     
   1.1784424217690932       0.41899306409836540     
   1.1746024692052550       0.42361736077195833     
   1.1707085298859579       0.42819628869994775     
   1.1667604160734746       0.43272858723587232     
   1.1627579365547354       0.43721294649664189     
   1.1587008972231798       0.44164800443858521     
   1.1545891017741297       0.44603234375575457     
   1.1504223525295452       0.45036448859145944     
   1.1462004514100554       0.45464290105412558     
   1.1419232010745086       0.45886597752889202     
   1.1375904062498330       0.46303204477691506     
   1.1332018752769522       0.46713935581521310     
   1.1287574219016476       0.47118608557105163     
   1.1242568673428883       0.47517032630656181     
   1.1197000426750612       0.47909008281156129     
   1.1150867915648330       0.48294326736533943     
   1.1104169734081317       0.48672769447201264     
   1.1056904669177801       0.49044107537882109     
   1.1009071742177787       0.49408101239254154     
   1.0960670255059770       0.49764499301688658     
   1.0911699843528651       0.50113038394257625     
   1.0862160537102457       0.50453442493327250     
   1.0812052827095564       0.50785422266384739     
   1.0761377743351936       0.51108674458398395     
   1.0710136940630959       0.51422881289948730     
   1.0658332795585659       0.51727709878677375     
   1.0605968515291690       0.52022811698319471     
   1.0553048258278597       0.52307822092713796     
   1.0499577268971332       0.52582359865812334     
   1.0445562026357846       0.52846026972797333     
   1.0391010407544343       0.53098408341968129     
   1.0335931866622798       0.53339071862061727     
   1.0280337628938747       0.53567568574967639     
   1.0224240900387378       0.53783433119290658     
   1.0167657090759781       0.53986184475616761     
   1.0110604049387562       0.54175327069290380     
   1.0053102310370374       0.54350352290569304     
  0.99951753435111257       0.54510740494502807     
  0.99368498057207488       0.54655963543026409     
  0.98781557861124625       0.54785487948670430     
  0.98191270363240879       0.54898778671846638     
  0.97598011758653302       0.54995303610889223     
  0.97002198606004286       0.55074538804843276     
  0.96404289010050381       0.55135974342644500     
  0.95804783157842832       0.55179120938542214     
  0.95204223060416038       0.55203517092695531     
  0.94603191356998861       0.55208736709220518     
  0.94002309055335587       0.55194396993962824     
  0.93402232111538930       0.55160166404697319     
  0.92803646796739803       0.55105772382022289     
  0.92207263854881927       0.55031008555584959     
  0.91613811523609323       0.54935741103053937     
  0.91024027563674448       0.54819913943501086     
  0.90438650515147767       0.54683552475762931     
  0.89858410463377492       0.54526765626687890     
  0.89284019646511148       0.54349746051385517     
  0.88716163262858139       0.54152768422044062     
  0.88155490836318096       0.53936185845101947     
  0.87602608470448906       0.53700424548648107     
  0.87058072268991005       0.53445977072772688     
  0.86522383128401625       0.53173394266659335     
  0.85995983024021694       0.52883276441598681     
  0.85479252824660490       0.52576264046409305     
  0.84972511588969002       0.52253028222075459     
  0.84476017227750722       0.51914261559715313     
  0.83989968363774203       0.51560669336361675     
  0.83514507186656461       0.51192961443250051     
  0.83049723084598015       0.50811845158063029     
  0.82595656835003217       0.50418018851521340     
  0.82152305149053262       0.50012166664060687     
  0.81719625387363659       0.49594954142705094     
  0.81297540291314907       0.49167024792812564     
  0.80885942604300387       0.48728997474093938     
  0.80484699486466371       0.48281464554313996     
  0.80093656653732714       0.47824990725986671     
  0.79712642195861472       0.47360112389598596     
  0.79341470048516483       0.46887337509789373     
  0.78979943110556761       0.46407145857108545     
  0.78627856010369213       0.45919989556111002     
  0.78284997534313439       0.45426293869765078     
  0.77951152736740614       0.44926458159594634     
  0.77626104755109548       0.44420856970199074     
  0.77309636355908895       0.43909841195392574     
  0.77001531237854060       0.43393739291004746     
  0.76701575118540333       0.42872858506277650     
  0.76409556629703723       0.42347486111770782     
  0.76125268044725869       0.41817890606767300     
  0.75848505860215432       0.41284322893431075     
  0.75579071251551289       0.40747017408484615     
  0.75316770420290258       0.40206193206039492     
  0.75061414849401076       0.39662054987515755     
  0.74812821480442104       0.39114794076399234     
  0.74570812825074151       0.38564589337019145     
  0.74335217021722821       0.38011608037601696     
  0.74105867846769768       0.37456006658685204     
  0.73882604688371689       0.36897931648561416     
  0.73665272489858313       0.36337520127843226     
  0.73453721668662364       0.35774900545521554     
  0.73247808015845683       0.35210193289048280     
  0.73047392580516490       0.34643511251068992     
  0.72852341542766275       0.34074960355438755     
  0.72662526078175294       0.33504640045128325     
  0.72477822216437982       0.32932643734563188     
  0.72298110696232554       0.32359059228841119     
  0.72123276818094761       0.31783969112171051     
  0.71953210296740855       0.31207451107753270     
  0.71787805114021552       0.30629578411198805     
  0.71626959373465893       0.30050419999451961     
  0.71470575157176119       0.29470040917066492     
  0.71318558385684716       0.28888502541544908     
  0.71170818681238879       0.28305862829347123     
  0.71027269234873958       0.27722176544046517     
  0.70887826677536725       0.27137495468012729     
  0.70752410955443890       0.26551868598890410     
  0.70620945209794850       0.25965342332050828     
  0.70493355660905288       0.25377960630101504     
  0.70369571496782968       0.24789765180455342     
  0.70249524766135796       0.24200795541877620     
  0.70133150275764078       0.23611089280871567     
  0.70020385492281434       0.23020682098671205     
  0.69911170448074189       0.22429607949577229     
  0.69805447651408314       0.21837899151290840     
  0.69703162000576402       0.21245586487859891     
  0.69604260701971532       0.20652699305801941     
  0.69508693191968507       0.20059265603920948     
  0.69416411062493433       0.19465312117299044     
  0.69327367990158983       0.18870864395901066     
  0.69241519668837848       0.18275946878197266     
  0.69158823745560083       0.17680582960183377     
  0.69079239759609901       0.17084795060141614     
  0.69002729084704240       0.16488604679457899     
  0.68929254874141022       0.15892032459797595     
  0.68858782008806640       0.15295098236907889     
  0.68791277047933086       0.14697821091299090     
  0.68726708182507124       0.14100219396038843     
  0.68665045191227259       0.13502310861884870     
  0.68606259398920011       0.12904112579933852     
  0.68550323637319843       0.12305641062003563     
  0.68497212208133562       0.11706912278897820     
  0.68446900848305281       0.11107941696724742     
  0.68399366697406350       0.10508744311420773     
  0.68354588267077399        9.9093346816175487E-002
  0.68312545412455827        9.3097269599844240E-002
  0.68273219305525823        8.7099349231672923E-002
  0.68236592410328800        8.1099720004432566E-002
  0.68202648459983783        7.5098513011963297E-002
  0.68171372435460176        6.9095856413174769E-002
  0.68142750546062791        6.3091875686250062E-002
  0.68116770211576605        5.7086693873979646E-002
  0.68093420046041542        5.1080431821080158E-002
  0.68072689843111944        4.5073208404323890E-002
  0.68054570562972894        3.9065140756282694E-002
  0.68039054320784742        3.3056344483426259E-002
  0.68026134376623337        2.7046933879315442E-002
  0.68015805126904361        2.1037022133583692E-002
  0.68008062097261857        1.5026721537397036E-002
  0.68002901936871518        9.0161436860523164E-003
  0.68000322414205749        3.0053996793747914E-003
  0.68000322414205794       -3.0053996794969368E-003
  0.68002901936871585       -9.0161436861827607E-003
  0.68008062097261968       -1.5026721537527397E-002
  0.68015805126904583       -2.1037022133714091E-002
  0.68026134376623615       -2.7046933879445546E-002
  0.68039054320785053       -3.3056344483556259E-002
  0.68054570562973249       -3.9065140756413187E-002
  0.68072689843112344       -4.5073208404454800E-002
  0.68093420046042030       -5.1080431821210380E-002
  0.68116770211577138       -5.7086693874109751E-002
  0.68142750546063391       -6.3091875686380278E-002
  0.68171372435460820       -6.9095856413305123E-002
  0.68202648459984438       -7.5098513012093790E-002
  0.68236592410329544       -8.1099720004562989E-002
  0.68273219305526611       -8.7099349231803125E-002
  0.68312545412456682       -9.3097269599974747E-002
  0.68354588267078331       -9.9093346816305994E-002
  0.68399366697407371      -0.10508744311433732     
  0.68446900848306325      -0.11107941696737747     
  0.68497212208134628      -0.11706912278910772     
  0.68550323637321098      -0.12305641062016512     
  0.68606259398921188      -0.12904112579946786     
  0.68665045191228546      -0.13502310861897832     
  0.68726708182508511      -0.14100219396051827     
  0.68791277047934452      -0.14697821091312127     
  0.68858782008808150      -0.15295098236920901     
  0.68929254874142598      -0.15892032459810590     
  0.69002729084705827      -0.16488604679470900     
  0.69079239759611599      -0.17084795060154556     
  0.69158823745561848      -0.17680582960196253     
  0.69241519668839635      -0.18275946878210100     
  0.69327367990160882      -0.18870864395913933     
  0.69416411062495453      -0.19465312117311934     
  0.69508693191970561      -0.20059265603933923     
  0.69604260701973641      -0.20652699305814892     
  0.69703162000578578      -0.21245586487872792     
  0.69805447651410513      -0.21837899151303716     
  0.69911170448076543      -0.22429607949590141     
  0.70020385492283832      -0.23020682098684009     
  0.70133150275766543      -0.23611089280884390     
  0.70249524766138338      -0.24200795541890446     
  0.70369571496785666      -0.24789765180468168     
  0.70493355660907975      -0.25377960630114310     
  0.70620945209797703      -0.25965342332063579     
  0.70752410955446754      -0.26551868598903117     
  0.70887826677539700      -0.27137495468025397     
  0.71027269234876989      -0.27722176544059096     
  0.71170818681242021      -0.28305862829359657     
  0.71318558385687936      -0.28888502541557465     
  0.71470575157179472      -0.29470040917078938     
  0.71626959373469279      -0.30050419999464345     
  0.71787805114024983      -0.30629578411211072     
  0.71953210296744385      -0.31207451107765505     
  0.72123276818098392      -0.31783969112183247     
  0.72298110696236317      -0.32359059228853171     
  0.72477822216441812      -0.32932643734575157     
  0.72662526078179190      -0.33504640045140305     
  0.72852341542770283      -0.34074960355450795     
  0.73047392580520698      -0.34643511251080961     
  0.73247808015850047      -0.35210193289060310     
  0.73453721668666838      -0.35774900545533567     
  0.73665272489862832      -0.36337520127855266     
  0.73882604688376419      -0.36897931648573312     
  0.74105867846774565      -0.37456006658697133     
  0.74335217021727829      -0.38011608037613576     
  0.74570812825079291      -0.38564589337031008     
  0.74812821480447378      -0.39114794076410953     
  0.75061414849406449      -0.39662054987527456     
  0.75316770420295720      -0.40206193206051016     
  0.75579071251556929      -0.40747017408496072     
  0.75848505860221238      -0.41284322893442449     
  0.76125268044731820      -0.41817890606778618     
  0.76409556629709807      -0.42347486111781990     
  0.76701575118546572      -0.42872858506288736     
  0.77001531237860477      -0.43393739291015748     
  0.77309636355915490      -0.43909841195403415     
  0.77626104755116354      -0.44420856970209777     
  0.77951152736747620      -0.44926458159605231     
  0.78284997534320655      -0.45426293869775586     
  0.78627856010376529      -0.45919989556121382     
  0.78979943110564754      -0.46407145857119342     
  0.79341470048524965      -0.46887337509800364     
  0.79712642195870176      -0.47360112389609443     
  0.80093656653741419      -0.47824990725997096     
  0.80484699486474920      -0.48281464554323683     
  0.80885942604309125      -0.48728997474103458     
  0.81297540291323878      -0.49167024792821779     
  0.81719625387372885      -0.49594954142714204     
  0.82152305149062654      -0.50012166664069513     
  0.82595656835012787      -0.50418018851529867     
  0.83049723084607885      -0.50811845158071334     
  0.83514507186666587      -0.51192961443258156     
  0.83989968363784606      -0.51560669336369425     
  0.84476017227761424      -0.51914261559722841     
  0.84972511588979804      -0.52253028222082565     
  0.85479252824671537      -0.52576264046416132     
  0.85995983024032974      -0.52883276441605109     
  0.86522383128413105      -0.53173394266665441     
  0.87058072269002729      -0.53445977072778372     
  0.87602608470460774      -0.53700424548653458     
  0.88155490836330153      -0.53936185845106877     
  0.88716163262870318      -0.54152768422048536     
  0.89284019646523538      -0.54349746051389558     
  0.89858410463389971      -0.54526765626691542     
  0.90438650515160357      -0.54683552475766084     
  0.91024027563687115      -0.54819913943503795     
  0.91613811523621369      -0.54935741103056046     
  0.92207263854893950      -0.55031008555586669     
  0.92803646796751904      -0.55105772382023543     
  0.93402232111551509      -0.55160166404698252     
  0.94002309055348787      -0.55194396993963302     
  0.94603191357012073      -0.55208736709220663     
  0.95204223060429272      -0.55203517092695198     
  0.95804783157855966      -0.55179120938541437     
  0.96404289010063537      -0.55135974342643368     
  0.97002198606017354      -0.55074538804841766     
  0.97598011758666336      -0.54995303610887258     
  0.98191270363253846      -0.54898778671844450     
  0.98781557861137603      -0.54785487948667744     
  0.99368498057220367      -0.54655963543023411     
  0.99951753435123991      -0.54510740494499421     
   1.0053102310371649      -0.54350352290565629     
   1.0110604049388814      -0.54175327069286339     
   1.0167657090761029      -0.53986184475612542     
   1.0224240900388708      -0.53783433119285695     
   1.0280337628940155      -0.53567568574961999     
   1.0335931866624213      -0.53339071862055698     
   1.0391010407545751      -0.53098408341961867     
   1.0445562026359234      -0.52846026972790661     
   1.0499577268972702      -0.52582359865805561     
   1.0553048258279887      -0.52307822092706990     
   1.0605968515292912      -0.52022811698312754     
   1.0658332795586862      -0.51727709878670391     
   1.0710136940632149      -0.51422881289941569     
   1.0761377743353115      -0.51108674458390968     
   1.0812052827096734      -0.50785422266377134     
   1.0862160537103609      -0.50453442493319411     
   1.0911699843529796      -0.50113038394249620     
   1.0960670255060900      -0.49764499301680482     
   1.1009071742178906      -0.49408101239245772     
   1.1056904669178904      -0.49044107537873544     
   1.1104169734082403      -0.48672769447192643     
   1.1150867915649405      -0.48294326736525062     
   1.1197000426751673      -0.47909008281147131     
   1.1242568673429933      -0.47517032630647027     
   1.1287574219017515      -0.47118608557095909     
   1.1332018752770550      -0.46713935581511867     
   1.1375904062499342      -0.46303204477681942     
   1.1419232010746081      -0.45886597752879482     
   1.1462004514101540      -0.45464290105402744     
   1.1504223525296415      -0.45036448859135986     
   1.1545891017742249      -0.44603234375565393     
   1.1587008972232746      -0.44164800443848290     
   1.1627579365548291      -0.43721294649653875     
   1.1667604160735665      -0.43272858723576729     
   1.1707085298860491      -0.42819628869984172     
   1.1746024692053454      -0.42361736077185103     
   1.1784424217691816      -0.41899306409825771     
   1.1822285713576279      -0.41432461284415623     
   1.1859610973979147      -0.40961317728874380     
   1.1896401746454959      -0.40485988626970909     
   1.1932659729316748      -0.40006582948500868     
   1.1968386569693243      -0.39523205966017438     
   1.2003583862091705      -0.39035959458897801     
   1.2038253147400473      -0.38544941905487734     
   1.2072395912272995      -0.38050248664042913     
   1.2106013588841853      -0.37551972143130496     
   1.2139107554717878      -0.37050201962140372     
   1.2171679133234263      -0.36545025102497025     
   1.2203729593901098      -0.36036526050149759     
   1.2235260153039091      -0.35524786929870017     
   1.2266271974565819      -0.35009887631860903     
   1.2296766170910496      -0.34491905931150357     
   1.2326743804036453      -0.33970917600211770     
   1.2356205886553064      -0.33446996515226357     
   1.2385153382900922      -0.32920214756377830     
   1.2413587210596193      -0.32390642702542771     
   1.2441508241521944      -0.31858349120721413     
   1.2468917303255427      -0.31323401250523669     
   1.2495815180422043      -0.30785864884012082     
   1.2522202616067641      -0.30245804441186996     
   1.2548080313042069      -0.29703283041363870     
   1.2573448935387588      -0.29158362570701879     
   1.2598309109726773      -0.28611103746105643     
   1.2622661426645267      -0.28061566175714109     
   1.2646506442065049      -0.27509808416182946     
   1.2669844678605053      -0.26955888026947317     
   1.2692676626925696      -0.26399861621639048     
   1.2715002747055038      -0.25841784916827698     
   1.2736823469694136      -0.25281712778237725     
   1.2758139197499934      -0.24719699264587408     
   1.2778950306343564      -0.24155797669191184     
   1.2799257146543479      -0.23590060559443879     
   1.2819060044071391      -0.23022539814318826     
   1.2838359301731102      -0.22453286659980878     
   1.2857155200308354      -0.21882351703631853     
   1.2875447999691836      -0.21309784965681444     
   1.2893237939964681      -0.20735635910339090     
   1.2910525242465896      -0.20159953474716050     
   1.2927310110821584      -0.19582786096522092     
   1.2943592731945768      -0.19004181740432119     
   1.2959373277010460      -0.18424187923203444     
   1.2974651902385121      -0.17842851737609258     
   1.2989428750545431      -0.17260219875248245     
   1.3003703950951320      -0.16676338648314529     
   1.3017477620894318      -0.16091254010357992     
   1.3030749866314271      -0.15505011576116440     
   1.3043520782585669      -0.14917656640461852     
   1.3055790455273557      -0.14329234196509172     
   1.3067558960859158      -0.13739788952942794     
   1.3078826367435390      -0.13149365350602382     
   1.3089592735372471      -0.12558007578373914     
   1.3099858117953829      -0.11965759588425645     
   1.3109622561982242      -0.11372665110830867     
   1.3118886108356491      -0.10778767667614815     
   1.3127648792618831      -0.10184110586262204     
   1.3135910645473385       -9.5887370127209229E-002
   1.3143671693275085       -8.9926899239344230E-002
   1.3150931958490613       -8.3960121399382914E-002
   1.3157691460129830       -7.7987463355477668E-002
   1.3163950214149036       -7.2009350516700404E-002
   1.3169708233825961       -6.6026207062704068E-002
   1.3174965530106073       -6.0038456050175160E-002
   1.3179722111921011       -5.4046519516386657E-002
   1.3183977986479012       -4.8050818580101830E-002
   1.3187733159527002       -4.2051773540097981E-002
   1.3190987635585349       -3.6049803971553530E-002
   1.3193741418154323       -3.0045328820561774E-002
   1.3195994509893159       -2.4038766497002553E-002
   1.3197746912771506       -1.8030534966030978E-002
   1.3198998628192988       -1.2021051838395788E-002
   1.3199749657091526       -6.0107344598598761E-003
   1.3200000000000043        1.2461390671007251E-016
   1.3199749657091511        6.0107344599882933E-003
   1.3198998628192966        1.2021051838534195E-002
   1.3197746912771475        1.8030534966168837E-002
   1.3195994509893112        2.4038766497141123E-002
   1.3193741418154263        3.0045328820699657E-002
   1.3190987635585274        3.6049803971691760E-002
   1.3187733159526920        4.2051773540235607E-002
   1.3183977986478910        4.8050818580239657E-002
   1.3179722111920908        5.4046519516523957E-002
   1.3174965530105958        6.0038456050313362E-002
   1.3169708233825836        6.6026207062841971E-002
   1.3163950214148901        7.2009350516838044E-002
   1.3157691460129686        7.7987463355614461E-002
   1.3150931958490446        8.3960121399520291E-002
   1.3143671693274912        8.9926899239481203E-002
   1.3135910645473203        9.5887370127346022E-002
   1.3127648792618638       0.10184110586275812     
   1.3118886108356285       0.10778767667628483     
   1.3109622561982019       0.11372665110844474     
   1.3099858117953596       0.11965759588439268     
   1.3089592735372226       0.12558007578387476     
   1.3078826367435141       0.13149365350615985     
   1.3067558960858894       0.13739788952956294     
   1.3055790455273284       0.14329234196522722     
   1.3043520782585383       0.14917656640475307     
   1.3030749866313975       0.15505011576129885     
   1.3017477620894009       0.16091254010371286     
   1.3003703950951000       0.16676338648327854     
   1.2989428750545098       0.17260219875261495     
   1.2974651902384780       0.17842851737622620     
   1.2959373277010100       0.18424187923216712     
   1.2943592731945401       0.19004181740445478     
   1.2927310110821209       0.19582786096535315     
   1.2910525242465500       0.20159953474729259     
   1.2893237939964290       0.20735635910352218     
   1.2875447999691423       0.21309784965694634     
   1.2857155200307930       0.21882351703644959     
   1.2838359301730664       0.22453286659993948     
   1.2819060044070938       0.23022539814331811     
   1.2799257146543017       0.23590060559456949     
   1.2778950306343091       0.24155797669204160     
   1.2758139197499452       0.24719699264600276     
   1.2736823469693641       0.25281712778250498     
   1.2715002747054538       0.25841784916840405     
   1.2692676626925177       0.26399861621651760     
   1.2669844678604520       0.26955888026960079     
   1.2646506442064509       0.27509808416195608     
   1.2622661426644708       0.28061566175726699     
   1.2598309109726213       0.28611103746118211     
   1.2573448935387008       0.29158362570714519     
   1.2548080313041481       0.29703283041376322     
   1.2522202616067040       0.30245804441199464     
   1.2495815180421426       0.30785864884024494     
   1.2468917303254801       0.31323401250536065     
   1.2441508241521300       0.31858349120733653     
   1.2413587210595554       0.32390642702554917     
   1.2385153382900269       0.32920214756389704     
   1.2356205886552400       0.33446996515238275     
   1.2326743804035776       0.33970917600223632     
   1.2296766170909812       0.34491905931162137     
   1.2266271974565126       0.35009887631872605     
   1.2235260153038381       0.35524786929881613     
   1.2203729593900376       0.36036526050161310     
   1.2171679133233531       0.36545025102508677     
   1.2139107554717126       0.37050201962151857     
   1.2106013588841080       0.37551972143141971     
   1.2072395912272227       0.38050248664054265     
   1.2038253147399685       0.38544941905499053     
   1.2003583862090905       0.39035959458909075     
   1.1968386569692426       0.39523205966028674     
   1.1932659729315915       0.40006582948511987     
   1.1896401746454117       0.40485988626981967     
   1.1859610973978285       0.40961317728885327     
   1.1822285713575402       0.41432461284426536     
   1.1784424217690932       0.41899306409836540     
   1.1746024692052550       0.42361736077195833     
   1.1707085298859579       0.42819628869994775     
   1.1667604160734746       0.43272858723587232     
   1.1627579365547354       0.43721294649664189     
   1.1587008972231798       0.44164800443858521     
   1.1545891017741297       0.44603234375575457     
   1.1504223525295452       0.45036448859145944     
   1.1462004514100554       0.45464290105412558     
   1.1419232010745086       0.45886597752889202     
   1.1375904062498330       0.46303204477691506     
   1.1332018752769522       0.46713935581521310     
   1.1287574219016476       0.47118608557105163     
   1.1242568673428883       0.47517032630656181     
   1.1197000426750612       0.47909008281156129     
   1.1150867915648330       0.48294326736533943     
   1.1104169734081317       0.48672769447201264     
   1.1056904669177801       0.49044107537882109     
   1.1009071742177787       0.49408101239254154     
   1.0960670255059770       0.49764499301688658     
   1.0911699843528651       0.50113038394257625     
   1.0862160537102457       0.50453442493327250     
   1.0812052827095564       0.50785422266384739     
   1.0761377743351936       0.51108674458398395     
   1.0710136940630959       0.51422881289948730     
   1.0658332795585659       0.51727709878677375     
   1.0605968515291690       0.52022811698319471     
   1.0553048258278597       0.52307822092713796     
   1.0499577268971332       0.52582359865812334     
   1.0445562026357846       0.52846026972797333     
   1.0391010407544343       0.53098408341968129     
   1.0335931866622798       0.53339071862061727     
   1.0280337628938747       0.53567568574967639     
   1.0224240900387378       0.53783433119290658     
   1.0167657090759781       0.53986184475616761     
   1.0110604049387562       0.54175327069290380     
   1.0053102310370374       0.54350352290569304     
  0.99951753435111257       0.54510740494502807     
  0.99368498057207488       0.54655963543026409     
  0.98781557861124625       0.54785487948670430     
  0.98191270363240879       0.54898778671846638     
  0.97598011758653302       0.54995303610889223     
  0.97002198606004286       0.55074538804843276     
  0.96404289010050381       0.55135974342644500     
  0.95804783157842832       0.55179120938542214     
  0.95204223060416038       0.55203517092695531     
  0.94603191356998861       0.55208736709220518     
  0.94002309055335587       0.55194396993962824     
  0.93402232111538930       0.55160166404697319     
  0.92803646796739803       0.55105772382022289     
  0.92207263854881927       0.55031008555584959     
  0.91613811523609323       0.54935741103053937     
  0.91024027563674448       0.54819913943501086     
  0.90438650515147767       0.54683552475762931     
  0.89858410463377492       0.54526765626687890     
  0.89284019646511148       0.54349746051385517     
  0.88716163262858139       0.54152768422044062     
  0.88155490836318096       0.53936185845101947     
  0.87602608470448906       0.53700424548648107     
  0.87058072268991005       0.53445977072772688     
  0.86522383128401625       0.53173394266659335     
  0.85995983024021694       0.52883276441598681     
  0.85479252824660490       0.52576264046409305     
  0.84972511588969002       0.52253028222075459     
  0.84476017227750722       0.51914261559715313     
  0.83989968363774203       0.51560669336361675     
  0.83514507186656461       0.51192961443250051     
  0.83049723084598015       0.50811845158063029     
  0.82595656835003217       0.50418018851521340     
  0.82152305149053262       0.50012166664060687     
  0.81719625387363659       0.49594954142705094     
  0.81297540291314907       0.49167024792812564     
  0.80885942604300387       0.48728997474093938     
  0.80484699486466371       0.48281464554313996     
  0.80093656653732714       0.47824990725986671     
  0.79712642195861472       0.47360112389598596     
  0.79341470048516483       0.46887337509789373     
  0.78979943110556761       0.46407145857108545     
  0.78627856010369213       0.45919989556111002     
  0.78284997534313439       0.45426293869765078     
  0.77951152736740614       0.44926458159594634     
  0.77626104755109548       0.44420856970199074     
  0.77309636355908895       0.43909841195392574     
  0.77001531237854060       0.43393739291004746     
  0.76701575118540333       0.42872858506277650     
  0.76409556629703723       0.42347486111770782     
  0.76125268044725869       0.41817890606767300     
  0.75848505860215432       0.41284322893431075     
  0.75579071251551289       0.40747017408484615     
  0.75316770420290258       0.40206193206039492     
  0.75061414849401076       0.39662054987515755     
  0.74812821480442104       0.39114794076399234     
  0.74570812825074151       0.38564589337019145     
  0.74335217021722821       0.38011608037601696     
  0.74105867846769768       0.37456006658685204     
  0.73882604688371689       0.36897931648561416     
  0.73665272489858313       0.36337520127843226     
  0.73453721668662364       0.35774900545521554     
  0.73247808015845683       0.35210193289048280     
  0.73047392580516490       0.34643511251068992     
  0.72852341542766275       0.34074960355438755     
  0.72662526078175294       0.33504640045128325     
  0.72477822216437982       0.32932643734563188     
  0.72298110696232554       0.32359059228841119     
  0.72123276818094761       0.31783969112171051     
  0.71953210296740855       0.31207451107753270     
  0.71787805114021552       0.30629578411198805     
  0.71626959373465893       0.30050419999451961     
  0.71470575157176119       0.29470040917066492     
  0.71318558385684716       0.28888502541544908     
  0.71170818681238879       0.28305862829347123     
  0.71027269234873958       0.27722176544046517     
  0.70887826677536725       0.27137495468012729     
  0.70752410955443890       0.26551868598890410     
  0.70620945209794850       0.25965342332050828     
  0.70493355660905288       0.25377960630101504     
  0.70369571496782968       0.24789765180455342     
  0.70249524766135796       0.24200795541877620     
  0.70133150275764078       0.23611089280871567     
  0.70020385492281434       0.23020682098671205     
  0.69911170448074189       0.22429607949577229     
  0.69805447651408314       0.21837899151290840     
  0.69703162000576402       0.21245586487859891     
  0.69604260701971532       0.20652699305801941     
  0.69508693191968507       0.20059265603920948     
  0.69416411062493433       0.19465312117299044     
  0.69327367990158983       0.18870864395901066     
  0.69241519668837848       0.18275946878197266     
  0.69158823745560083       0.17680582960183377     
  0.69079239759609901       0.17084795060141614     
  0.69002729084704240       0.16488604679457899     
  0.68929254874141022       0.15892032459797595     
  0.68858782008806640       0.15295098236907889     
  0.68791277047933086       0.14697821091299090     
  0.68726708182507124       0.14100219396038843     
  0.68665045191227259       0.13502310861884870     
  0.68606259398920011       0.12904112579933852     
  0.68550323637319843       0.12305641062003563     
  0.68497212208133562       0.11706912278897820     
  0.68446900848305281       0.11107941696724742     
  0.68399366697406350       0.10508744311420773     
  0.68354588267077399        9.9093346816175487E-002
  0.68312545412455827        9.3097269599844240E-002
  0.68273219305525823        8.7099349231672923E-002
  0.68236592410328800        8.1099720004432566E-002
  0.68202648459983783        7.5098513011963297E-002
  0.68171372435460176        6.9095856413174769E-002
  0.68142750546062791        6.3091875686250062E-002
  0.68116770211576605        5.7086693873979646E-002
  0.68093420046041542        5.1080431821080158E-002
  0.68072689843111944        4.5073208404323890E-002
  0.68054570562972894        3.9065140756282694E-002
  0.68039054320784742        3.3056344483426259E-002
  0.68026134376623337        2.7046933879315442E-002
  0.68015805126904361        2.1037022133583692E-002
  0.68008062097261857        1.5026721537397036E-002
  0.68002901936871518        9.0161436860523164E-003
  0.68000322414205749        3.0053996793747914E-003
  0.68000322414205794       -3.0053996794969368E-003
  0.68002901936871585       -9.0161436861827607E-003
  0.68008062097261968       -1.5026721537527397E-002
  0.68015805126904583       -2.1037022133714091E-002
  0.68026134376623615       -2.7046933879445546E-002
  0.68039054320785053       -3.3056344483556259E-002
  0.68054570562973249       -3.9065140756413187E-002
  0.68072689843112344       -4.5073208404454800E-002
  0.68093420046042030       -5.1080431821210380E-002
  0.68116770211577138       -5.7086693874109751E-002
  0.68142750546063391       -6.3091875686380278E-002
  0.68171372435460820       -6.9095856413305123E-002
  0.68202648459984438       -7.5098513012093790E-002
  0.68236592410329544       -8.1099720004562989E-002
  0.68273219305526611       -8.7099349231803125E-002
  0.68312545412456682       -9.3097269599974747E-002
  0.68354588267078331       -9.9093346816305994E-002
  0.68399366697407371      -0.10508744311433732     
  0.68446900848306325      -0.11107941696737747     
  0.68497212208134628      -0.11706912278910772     
  0.68550323637321098      -0.12305641062016512     
  0.68606259398921188      -0.12904112579946786     
  0.68665045191228546      -0.13502310861897832     
  0.68726708182508511      -0.14100219396051827     
  0.68791277047934452      -0.14697821091312127     
  0.68858782008808150      -0.15295098236920901     
  0.68929254874142598      -0.15892032459810590     
  0.69002729084705827      -0.16488604679470900     
  0.69079239759611599      -0.17084795060154556     
  0.69158823745561848      -0.17680582960196253     
  0.69241519668839635      -0.18275946878210100     
  0.69327367990160882      -0.18870864395913933     
  0.69416411062495453      -0.19465312117311934     
  0.69508693191970561      -0.20059265603933923     
  0.69604260701973641      -0.20652699305814892     
  0.69703162000578578      -0.21245586487872792     
  0.69805447651410513      -0.21837899151303716     
  0.69911170448076543      -0.22429607949590141     
  0.70020385492283832      -0.23020682098684009     
  0.70133150275766543      -0.23611089280884390     
  0.70249524766138338      -0.24200795541890446     
  0.70369571496785666      -0.24789765180468168     
  0.70493355660907975      -0.25377960630114310     
  0.70620945209797703      -0.25965342332063579     
  0.70752410955446754      -0.26551868598903117     
  0.70887826677539700      -0.27137495468025397     
  0.71027269234876989      -0.27722176544059096     
  0.71170818681242021      -0.28305862829359657     
  0.71318558385687936      -0.28888502541557465     
  0.71470575157179472      -0.29470040917078938     
  0.71626959373469279      -0.30050419999464345     
  0.71787805114024983      -0.30629578411211072     
  0.71953210296744385      -0.31207451107765505     
  0.72123276818098392      -0.31783969112183247     
  0.72298110696236317      -0.32359059228853171     
  0.72477822216441812      -0.32932643734575157     
  0.72662526078179190      -0.33504640045140305     
  0.72852341542770283      -0.34074960355450795     
  0.73047392580520698      -0.34643511251080961     
  0.73247808015850047      -0.35210193289060310     
  0.73453721668666838      -0.35774900545533567     
  0.73665272489862832      -0.36337520127855266     
  0.73882604688376419      -0.36897931648573312     
  0.74105867846774565      -0.37456006658697133     
  0.74335217021727829      -0.38011608037613576     
  0.74570812825079291      -0.38564589337031008     
  0.74812821480447378      -0.39114794076410953     
  0.75061414849406449      -0.39662054987527456     
  0.75316770420295720      -0.40206193206051016     
  0.75579071251556929      -0.40747017408496072     
  0.75848505860221238      -0.41284322893442449     
  0.76125268044731820      -0.41817890606778618     
  0.76409556629709807      -0.42347486111781990     
  0.76701575118546572      -0.42872858506288736     
  0.77001531237860477      -0.43393739291015748     
  0.77309636355915490      -0.43909841195403415     
  0.77626104755116354      -0.44420856970209777     
  0.77951152736747620      -0.44926458159605231     
  0.78284997534320655      -0.45426293869775586     
  0.78627856010376529      -0.45919989556121382     
  0.78979943110564754      -0.46407145857119342     
  0.79341470048524965      -0.46887337509800364     
  0.79712642195870176      -0.47360112389609443     
  0.80093656653741419      -0.47824990725997096     
  0.80484699486474920      -0.48281464554323683     
  0.80885942604309125      -0.48728997474103458     
  0.81297540291323878      -0.49167024792821779     
  0.81719625387372885      -0.49594954142714204     
  0.82152305149062654      -0.50012166664069513     
  0.82595656835012787      -0.50418018851529867     
  0.83049723084607885      -0.50811845158071334     
  0.83514507186666587      -0.51192961443258156     
  0.83989968363784606      -0.51560669336369425     
  0.84476017227761424      -0.51914261559722841     
  0.84972511588979804      -0.52253028222082565     
  0.85479252824671537      -0.52576264046416132     
  0.85995983024032974      -0.52883276441605109     
  0.86522383128413105      -0.53173394266665441     
  0.87058072269002729      -0.53445977072778372     
  0.87602608470460774      -0.53700424548653458     
  0.88155490836330153      -0.53936185845106877     
  0.88716163262870318      -0.54152768422048536     
  0.89284019646523538      -0.54349746051389558     
  0.89858410463389971      -0.54526765626691542     
  0.90438650515160357      -0.54683552475766084     
  0.91024027563687115      -0.54819913943503795     
  0.91613811523621369      -0.54935741103056046     
  0.92207263854893950      -0.55031008555586669     
  0.92803646796751904      -0.55105772382023543     
  0.93402232111551509      -0.55160166404698252     
  0.94002309055348787      -0.55194396993963302     
  0.94603191357012073      -0.55208736709220663     
  0.95204223060429272      -0.55203517092695198     
  0.95804783157855966      -0.55179120938541437     
  0.96404289010063537      -0.55135974342643368     
  0.97002198606017354      -0.55074538804841766     
  0.97598011758666336      -0.54995303610887258     
  0.98191270363253846      -0.54898778671844450     
  0.98781557861137603      -0.54785487948667744     
  0.99368498057220367      -0.54655963543023411     
  0.99951753435123991      -0.54510740494499421     
   1.0053102310371649      -0.54350352290565629     
   1.0110604049388814      -0.54175327069286339     
   1.0167657090761029      -0.53986184475612542     
   1.0224240900388708      -0.53783433119285695     
   1.0280337628940155      -0.53567568574961999     
   1.0335931866624213      -0.53339071862055698     
   1.0391010407545751      -0.53098408341961867     
   1.0445562026359234      -0.52846026972790661     
   1.0499577268972702      -0.52582359865805561     
   1.0553048258279887      -0.52307822092706990     
   1.0605968515292912      -0.52022811698312754     
   1.0658332795586862      -0.51727709878670391     
   1.0710136940632149      -0.51422881289941569     
   1.0761377743353115      -0.51108674458390968     
   1.0812052827096734      -0.50785422266377134     
   1.0862160537103609      -0.50453442493319411     
   1.0911699843529796      -0.50113038394249620     
   1.0960670255060900      -0.49764499301680482     
   1.1009071742178906      -0.49408101239245772     
   1.1056904669178904      -0.49044107537873544     
   1.1104169734082403      -0.48672769447192643     
   1.1150867915649405      -0.48294326736525062     
   1.1197000426751673      -0.47909008281147131     
   1.1242568673429933      -0.47517032630647027     
   1.1287574219017515      -0.47118608557095909     
   1.1332018752770550      -0.46713935581511867     
   1.1375904062499342      -0.46303204477681942     
   1.1419232010746081      -0.45886597752879482     
   1.1462004514101540      -0.45464290105402744     
   1.1504223525296415      -0.45036448859135986     
   1.1545891017742249      -0.44603234375565393     
   1.1587008972232746      -0.44164800443848290     
   1.1627579365548291      -0.43721294649653875     
   1.1667604160735665      -0.43272858723576729     
   1.1707085298860491      -0.42819628869984172     
   1.1746024692053454      -0.42361736077185103     
   1.1784424217691816      -0.41899306409825771     
   1.1822285713576279      -0.41432461284415623     
   1.1859610973979147      -0.40961317728874380     
   1.1896401746454959      -0.40485988626970909     
   1.1932659729316748      -0.40006582948500868     
   1.1968386569693243      -0.39523205966017438     
   1.2003583862091705      -0.39035959458897801     
   1.2038253147400473      -0.38544941905487734     
   1.2072395912272995      -0.38050248664042913     
   1.2106013588841853      -0.37551972143130496     
   1.2139107554717878      -0.37050201962140372     
   1.2171679133234263      -0.36545025102497025     
   1.2203729593901098      -0.36036526050149759     
   1.2235260153039091      -0.35524786929870017     
   1.2266271974565819      -0.35009887631860903     
   1.2296766170910496      -0.34491905931150357     
   1.2326743804036453      -0.33970917600211770     
   1.2356205886553064      -0.33446996515226357     
   1.2385153382900922      -0.32920214756377830     
   1.2413587210596193      -0.32390642702542771     
   1.2441508241521944      -0.31858349120721413     
   1.2468917303255427      -0.31323401250523669     
   1.2495815180422043      -0.30785864884012082     
   1.2522202616067641      -0.30245804441186996     
   1.2548080313042069      -0.29703283041363870     
   1.2573448935387588      -0.29158362570701879     
   1.2598309109726773      -0.28611103746105643     
   1.2622661426645267      -0.28061566175714109     
   1.2646506442065049      -0.27509808416182946     
   1.2669844678605053      -0.26955888026947317     
   1.2692676626925696      -0.26399861621639048     
   1.2715002747055038      -0.25841784916827698     
   1.2736823469694136      -0.25281712778237725     
   1.2758139197499934      -0.24719699264587408     
   1.2778950306343564      -0.24155797669191184     
   1.2799257146543479      -0.23590060559443879     
   1.2819060044071391      -0.23022539814318826     
   1.2838359301731102      -0.22453286659980878     
   1.2857155200308354      -0.21882351703631853     
   1.2875447999691836      -0.21309784965681444     
   1.2893237939964681      -0.20735635910339090     
   1.2910525242465896      -0.20159953474716050     
   1.2927310110821584      -0.19582786096522092     
   1.2943592731945768      -0.19004181740432119     
   1.2959373277010460      -0.18424187923203444     
   1.2974651902385121      -0.17842851737609258     
   1.2989428750545431      -0.17260219875248245     
   1.3003703950951320      -0.16676338648314529     
   1.3017477620894318      -0.16091254010357992     
   1.3030749866314271      -0.15505011576116440     
   1.3043520782585669      -0.14917656640461852     
   1.3055790455273557      -0.14329234196509172     
   1.3067558960859158      -0.13739788952942794     
   1.3078826367435390      -0.13149365350602382     
   1.3089592735372471      -0.12558007578373914     
   1.3099858117953829      -0.11965759588425645     
   1.3109622561982242      -0.11372665110830867     
   1.3118886108356491      -0.10778767667614815     
   1.3127648792618831      -0.10184110586262204     
   1.3135910645473385       -9.5887370127209229E-002
   1.3143671693275085       -8.9926899239344230E-002
   1.3150931958490613       -8.3960121399382914E-002
   1.3157691460129830       -7.7987463355477668E-002
   1.3163950214149036       -7.2009350516700404E-002
   1.3169708233825961       -6.6026207062704068E-002
   1.3174965530106073       -6.0038456050175160E-002
   1.3179722111921011       -5.4046519516386657E-002
   1.3183977986479012       -4.8050818580101830E-002
   1.3187733159527002       -4.2051773540097981E-002
   1.3190987635585349       -3.6049803971553530E-002
   1.3193741418154323       -3.0045328820561774E-002
   1.3195994509893159       -2.4038766497002553E-002
   1.3197746912771506       -1.8030534966030978E-002
   1.3198998628192988       -1.2021051838395788E-002
   1.3199749657091526       -6.0107344598598761E-003
