   (6.94395429007269555E-310,6.94395429007269555E-310)
   (1.30560443711451124E-316,1.30560443711451124E-316)
              (1.2596039333333335,0.26607078444444449)
              (1.2565346000000002,0.26148341777777778)
              (1.2571111000000001,0.13077933000000000)
            (0.92309755888888878,-0.54301759333333333)
            (0.92562267222222216,-0.54873518999999993)
            (0.92918225888888883,-0.54376807666666671)
            (0.93800292555555564,-0.54259952333333328)
            (0.93547781222222215,-0.53688192666666668)
            (0.93227732222222226,-0.54223416000000002)
            (0.94700329666666672,-0.54466949555555555)
            (0.94088429666666673,-0.54454641555555561)
            (0.94380280666666660,-0.55002172888888889)
            (0.89375351555555549,-0.53734174333333329)
            (0.88760710222222228,-0.53516699000000001)
            (0.88946710222222214,-0.54050201666666675)
            (0.87293347444444447,-0.53311813222222215)
            (0.87809599111111114,-0.52885593555555543)
            (0.87291772444444449,-0.52638579222222226)
            (0.88125088444444444,-0.52862589222222212)
            (0.88555304777777788,-0.53219795888888888)
            (0.88553729777777779,-0.52546561888888887)
            (0.92689041999999999,-0.52339131666666672)
            (0.83351760666666674,-0.41902661666666668)
            (0.82828573444444442,-0.50319134777777774)
            (0.83455109777777770,-0.50021868111111112)
            (0.83031815777777773,-0.49648579111111113)
            (0.77158730333333336,-0.12363755666666669)
            (0.78093393333333339,-0.11851276333333334)
        (0.68716955111111122,5.66339800000000004E-002)
        (0.68744364777777778,6.29536130000000055E-002)
        (0.68282653111111113,6.01186649999999947E-002)
        (0.69019228666666665,4.77268325555555636E-002)
        (0.69480940333333330,5.05617805555555536E-002)
        (0.68901098999999999,5.35360218888888961E-002)
        (0.68842580333333336,3.92852850000000031E-002)
        (0.68859638666666667,4.49077086666666639E-002)
        (0.68262738999999995,4.22595263333333318E-002)
             (0.77986223666666665,0.12909087999999999)
             (0.76130146999999992,0.13918409666666667)
             (0.70281987888888897,0.23423687777777780)
             (0.70744678555555562,0.23005275111111112)
             (0.70854947555555559,0.23577631111111111)
             (0.70435434222222215,0.21862173111111113)
             (0.69934580555555559,0.21663683111111112)
             (0.70329626222222219,0.21255145777777776)
             (0.71810542333333327,0.21917274666666667)
             (0.71234649777777781,0.22269773333333334)
             (0.70839604111111110,0.22678310666666668)
             (0.70661690111111108,0.22115830000000003)
       (0.70901018666666660,-7.85137353333333343E-002)
       (0.70951383333333329,-8.81469476666666835E-002)
        (0.70047824666666669,3.07116686666666673E-002)
        (0.69433452444444443,3.33978908888888856E-002)
        (0.68986033777777778,3.64078305555555551E-002)
        (0.68836552777777771,3.07497085555555570E-002)
        (0.68175474666666680,2.44589834444444432E-002)
        (0.68622893333333346,2.14490437777777772E-002)
        (0.68633913000000002,2.77624967777777808E-002)
             (0.91746849000000008,0.20544493333333333)
             (0.90848949000000001,0.22080990000000000)
             (0.91754460333333332,0.21573403333333332)
             (0.92667483666666672,0.22095224999999999)
             (0.92676048666666666,0.23127276666666666)
             (0.97184299999999990,0.17478232666666668)
             (0.97186776666666663,0.18508506333333333)
             (0.96275829000000002,0.16961654000000001)
             (0.95369232333333331,0.17473907333333336)
              (1.0683404999999999,0.49040368000000001)
              (1.0773523666666667,0.48456713666666668)
              (1.0832740999999999,0.48850520222222227)
              (1.0884939000000002,0.49074841222222226)
              (1.0848895000000001,0.49508926555555560)
              (1.0787194333333332,0.50176642444444441)
              (1.0837508333333332,0.49840457111111114)
              (1.0839392333333333,0.50400963444444447)
              (1.0695811444444443,0.49740787777777778)
              (1.0751770111111110,0.50151725111111112)
              (1.0697695444444442,0.50301294111111117)
             (0.93729461000000003,0.46584874666666670)
             (0.94659358333333332,0.47078729333333330)
             (0.95520760666666671,0.52513074000000004)
             (0.94657667333333340,0.53064365000000002)
             (0.90283532000000000,0.54398676333333329)
             (0.90204007999999991,0.53702714666666662)
             (0.90732256999999994,0.53843090999999987)
             (0.96386380999999999,0.52993765000000004)
             (0.97569012333333338,0.54282585555555551)
             (0.97314441333333335,0.54840921222222228)
             (0.96980465333333321,0.54361594222222231)
             (0.96121327999999995,0.54256092333333339)
             (0.96375898999999998,0.53697756666666663)
             (0.96682186999999997,0.54215387000000004)
             (0.99340134666666657,0.54020364444444446)
             (0.99098033666666663,0.54541858444444447)
             (0.98735006666666658,0.54155111111111109)
             (0.97845894999999994,0.54082417999999999)
             (0.98087996000000011,0.53560923999999999)
             (0.98421972000000002,0.54040250999999995)
             (0.95586570333333343,0.48536237999999998)
             (0.94635120333333322,0.48068029000000001)
              (1.1986314333333332,0.31466378333333328)
              (1.0801889666666666,0.30992011999999997)
              (1.0892792000000000,0.26282486000000005)
              (1.1108205111111111,0.47830050444444444)
              (1.1115512444444446,0.48369158444444449)
              (1.1060434444444445,0.48216841111111108)
              (1.0916824666666667,0.49042625111111110)
              (1.0960283666666666,0.48721655777777778)
              (1.0976437666666665,0.49380062111111106)
              (1.0972334222222224,0.48434963333333331)
              (1.0965026888888889,0.47895855333333337)
              (1.1024639888888890,0.48233292333333333)
             (0.73511865999999992,0.33744321666666671)
             (0.73715486333333324,0.34339396333333333)
             (0.73106201666666670,0.34237501000000004)
             (0.76785683999999998,0.40145641999999998)
             (0.76470554666666668,0.40635549666666665)
             (0.76185981333333341,0.40086726333333328)
             (0.75306532444444452,0.39776663888888891)
             (0.75621661777777771,0.39286756222222219)
             (0.75894975777777773,0.39872004888888890)
             (0.84743503333333337,0.33929013666666669)
             (0.81168325333333335,0.36990632333333334)
             (0.75634036999999987,0.38934090555555551)
             (0.75356033333333328,0.38366001222222224)
             (0.75944476666666672,0.38461342222222222)
             (0.76563128999999996,0.38211488333333338)
             (0.73398572000000006,0.20741383666666668)
             (0.78504761000000001,0.34317770666666664)
             (0.79395065666666664,0.35897501333333331)
             (0.78517814333333336,0.35346622666666666)
             (0.81184476999999999,0.35949040999999998)
             (0.80299411666666665,0.35404916000000003)
             (0.74810048666666662,0.28418421666666666)
             (0.89910578333333324,0.18483858666666667)
             (0.90826083000000002,0.18999538999999999)
             (0.90832347666666668,0.20025630333333333)
             (0.79110354555555551,0.46275400888888890)
             (0.79346923888888898,0.45736676888888889)
             (0.79703066555555557,0.46220319222222223)
             (0.79313401000000006,0.45395148555555553)
             (0.78976262999999991,0.44909287555555560)
             (0.79568975000000008,0.44854205888888887)
             (0.78663511222222215,0.44751081000000004)
             (0.78062393888888881,0.44762322333333332)
             (0.78317967888888884,0.44221379666666666)
             (0.77983557000000003,0.43358131222222224)
             (0.78584674333333338,0.43346889888888890)
             (0.78298258666666676,0.43870331888888892)
             (0.79201825999999997,0.43028287666666670)
              (1.2661241666666667,0.12590546999999999)
              (1.2750616666666665,0.17352007666666669)
              (1.2924808555555556,0.18879042777777777)
              (1.2857183555555556,0.18965104777777775)
              (1.2871479888888890,0.18446521444444444)
              (1.2816031555555556,0.17706747000000000)
              (1.2883656555555556,0.17620685000000000)
              (1.2861191888888890,0.18131931999999998)
              (1.2573925111111111,0.27519431111111109)
              (1.2598184111111113,0.26949850777777778)
              (1.2632319777777778,0.27406716111111112)
              (1.2097341666666668,0.15474488666666666)
              (1.2191074666666666,0.16006550000000000)
              (1.2764504666666667,0.13102666333333332)
              (1.2378552333333335,0.17091595333333334)
              (1.2378918333333333,0.16079871333333332)
              (1.2285350666666668,0.15535759666666668)
              (1.1075426666666666,0.22116168666666666)
        (1.3151823444444444,-6.80526693333333293E-002)
        (1.3109003111111110,-6.44886043333333242E-002)
        (1.3103218444444444,-7.05692623333333408E-002)
        (1.3081099555555558,-8.20887498888889094E-002)
        (1.3074246222222223,-8.77906625555555653E-002)
        (1.3130496222222223,-8.56607545555555655E-002)
        (1.3026290222222225,-7.54360256666666701E-002)
        (1.3069110555555559,-7.90000906666666752E-002)
        (1.3082540222222223,-7.33061176666666703E-002)
        (1.3091489000000001,-6.14830117777777699E-002)
        (1.3081767000000000,-5.60302991111111051E-002)
        (1.3033162000000003,-5.85468921111111096E-002)
        (1.3050017777777778,-9.02810538888888930E-002)
        (1.2984185777777777,-9.20503152222222204E-002)
        (1.3033582444444445,-9.56223198888888765E-002)
             (1.2992538999999999,-0.13819404666666668)
             (1.3050214000000000,-0.13666366666666666)
             (1.3003629999999999,-0.13250106666666669)
             (1.0076321566666666,-0.18491033999999998)
         (1.1803721333333332,1.56953950000000009E-002)
             (0.98090270666666657,0.16965121666666669)
             (0.98997713333333337,0.17481639333333332)
             (0.98088701666666667,0.15935751333333334)
             (0.98995162999999986,0.15422362999999997)
            (0.76084864888888892,-0.40108088888888888)
            (0.75830037888888879,-0.39572509888888890)
            (0.75465035222222221,-0.40075059222222226)
            (0.83407492999999999,-0.36753544666666665)
            (0.82928298444444459,-0.49348364888888890)
            (0.83041040444444458,-0.48821011222222227)
            (0.82414504111111109,-0.49118277888888895)
            (0.89823317666666680,-0.38309192000000003)
            (0.84322164999999993,-0.37264390666666669)
            (0.76306381666666667,-0.10828094600000000)
            (0.76258756999999999,-0.11854010666666666)
            (0.69131749111111107,-0.15896523555555553)
            (0.69756433777777771,-0.16124550222222220)
            (0.69690049111111108,-0.15574975222222220)
            (0.90102995555555554,-0.53219381222222228)
            (0.89710922888888900,-0.53659844888888897)
            (0.90288995555555562,-0.53752883888888892)
            (0.91835792000000005,-0.52783214333333328)
            (0.90760740222222225,-0.54558302666666669)
            (0.91152812888888890,-0.54117838999999990)
            (0.90551449888888891,-0.53977498333333329)
            (0.91471920111111116,-0.53999048777777769)
            (0.92037169111111117,-0.54083141777777766)
            (0.91827878777777772,-0.53502337444444448)
            (0.88939046999999993,-0.51194463999999995)
            (0.89077398666666674,-0.52095900666666661)
            (0.90085687666666681,-0.52546146333333332)
            (0.90929853333333333,-0.52141694666666671)
            (0.92674513666666669,-0.51252879000000007)
            (0.84283954999999999,-0.41400367666666665)
            (0.85205240333333332,-0.41931682666666664)
            (0.84246689555555554,-0.50829352222222213)
            (0.84159105888888897,-0.51437469555555548)
            (0.84729505555555562,-0.51189234222222224)
            (0.84356740666666674,-0.49815317333333331)
            (0.83786341000000009,-0.50063552666666666)
            (0.84153498333333332,-0.50485873000000003)
            (0.99835360333333334,-0.26288289000000004)
             (1.0073796300000000,-0.25764404333333335)
             (1.0163758666666667,-0.26283895000000002)
       (0.71866458333333327,-7.21243736666666718E-002)
        (0.68971369333333332,8.03343288888888757E-002)
        (0.68406749666666666,7.81853512222222130E-002)
        (0.68938285999999993,7.45123628888888917E-002)
        (0.68941707888888892,6.57764832222222234E-002)
        (0.69506327555555558,6.79254608888888861E-002)
        (0.69072025555555561,7.14101458888888874E-002)
        (0.68499694111111109,9.64416867777777714E-002)
        (0.68960328777777768,9.33652277777777817E-002)
        (0.69003809111111103,9.95421504444444355E-002)
             (0.69871713666666657,0.10533693800000000)
             (0.69411078999999987,0.10841339700000001)
             (0.69231655333333331,0.10253507800000000)
        (0.70249004666666670,8.65040093333333399E-002)
        (0.69150435444444458,8.33084721111111010E-002)
        (0.69654550444444452,8.64089357777777928E-002)
        (0.69123014111111114,9.00819241111111141E-002)
             (0.69272803222222212,0.11125947333333332)
             (0.69318610555555560,0.11672124333333334)
             (0.68678552222222222,0.11391938333333333)
        (0.71834673333333343,9.23538533333333467E-002)
        (0.70835349999999997,9.53324970000000022E-002)
             (0.70579217333333322,0.10440704766666668)
             (0.81650367000000001,0.13918591333333333)
             (0.95361903666666670,0.12337719000000001)
             (0.94453447666666657,0.12850786000000000)
             (0.94459417333333340,0.16957594000000001)
        (0.88122955999999997,2.94445666666666537E-004)
        (0.80854547666666665,5.18849836666666620E-002)
        (0.87203634666666663,4.65973643333333354E-002)
        (0.87207524666666669,3.63151076666666656E-002)
        (0.83591291666666667,1.58052656666666687E-002)
        (0.82683401000000012,2.09670909999999967E-002)
        (0.76252867666666668,9.82832183333333248E-002)
        (0.77182642333333329,9.31541273333333364E-002)
             (0.76144347333333329,0.12895921000000002)
             (0.75218811666666674,0.12371505333333334)
             (0.75249845333333332,0.11354456333333333)
             (0.76201892000000004,0.10856694333333333)
             (0.77071171999999999,0.12394746000000001)
             (0.77097682999999995,0.11372568333333333)
             (0.71057298222222220,0.20572413999999997)
             (0.70485092222222223,0.20932705999999998)
             (0.70556444555555553,0.20373923999999999)
             (0.71703980666666667,0.20796012000000000)
             (0.72409615333333333,0.20226584666666667)
             (0.71558674000000000,0.18637300666666667)
             (0.72366597666666665,0.19165241333333335)
             (0.69427627333333330,0.18308378222222221)
             (0.69910037000000003,0.17941653888888887)
             (0.69991181666666658,0.18512455888888887)
             (0.70277700000000010,0.19598222444444444)
             (0.70361545000000003,0.20130376111111112)
             (0.69705494000000001,0.19958514444444445)
             (0.70892964555555560,0.18931872111111112)
             (0.70410554888888888,0.19298596444444446)
             (0.70236913555555558,0.18760010444444444)
       (0.70121396000000003,-7.41477923333333372E-002)
       (0.69110959111111114,-8.09355112222222145E-002)
       (0.69531494111111114,-7.74923122222222205E-002)
       (0.68971797777777777,-7.51940315555555544E-002)
       (0.68321314666666666,-6.91976054444444350E-002)
       (0.68774386666666665,-7.22595551111111095E-002)
       (0.68741849666666666,-6.57544064444444409E-002)
       (0.69021590555555556,-9.00272526666666684E-002)
       (0.68983483222222208,-8.40692463333333334E-002)
       (0.68461894222222208,-8.77289720000000023E-002)
        (0.73636882666666670,8.23955780000000110E-002)
        (0.75382424999999997,9.30228766666666845E-002)
        (0.70089440666666658,5.29470469999999971E-002)
        (0.70101628666666660,6.43898990000000004E-002)
        (0.75412768333333335,3.10324436666666696E-002)
       (0.77283868000000000,-3.05961426666666696E-002)
       (0.73663874000000007,-1.00997820666666668E-002)
        (0.73626277333333334,2.87341600000000190E-004)
        (0.70036249666666661,1.95559273333333339E-002)
        (0.68802226555555557,1.01231983444444434E-002)
        (0.68203277555555564,6.64369837777777777E-003)
        (0.68799621888888884,4.44959237777777742E-003)
        (0.69414345888888873,1.64190847777777767E-002)
        (0.68818001555555552,1.86131907777777779E-002)
        (0.68955907555555551,1.31155714444444460E-002)
             (0.91773348999999993,0.23635365000000000)
             (0.90859272666666657,0.23110900000000001)
             (0.93587371666666674,0.23651715333333334)
             (0.93571776333333334,0.21585904333333331)
             (0.96371542666666665,0.31494428333333335)
             (0.96349312333333337,0.29398684666666669)
             (0.98139929666666659,0.28368026333333335)
             (0.95454927333333339,0.29912825333333332)
             (0.93668016333333337,0.30938799333333328)
             (0.94573763666666677,0.31474087666666667)
             (0.95466653333333340,0.30960244333333331)
             (0.95433228999999997,0.27823194333333334)
             (0.96339282333333331,0.28353421000000001)
             (0.97235423999999993,0.27838918333333335)
              (1.0683041777777775,0.50579519000000006)
              (1.0693155444444444,0.51264624666666669)
              (1.0637196777777775,0.50853687333333342)
              (1.0566791888888887,0.51252576222222224)
              (1.0556678222222222,0.50567470555555560)
              (1.0605605888888887,0.50850675222222230)
              (1.0498973333333332,0.51856226111111114)
              (1.0552365666666665,0.51574765111111109)
              (1.0547901000000000,0.52139430777777773)
             (0.93757082666666669,0.45560082000000007)
             (0.94706953666666660,0.44032999000000000)
             (0.94697530666666674,0.45056588000000003)
             (0.93666348333333327,0.48618591333333333)
             (0.93649952000000003,0.49608958999999997)
             (0.93731096000000003,0.52576877000000000)
             (0.93666568666666672,0.51570125666666666)
             (0.89124530555555559,0.53506916999999998)
             (0.88665152222222232,0.53916302333333332)
             (0.88573971222222225,0.53300553666666672)
             (0.89906350333333329,0.52834924333333333)
             (0.89997531333333336,0.53450673000000004)
             (0.89457625333333335,0.53390509666666663)
             (0.87807022888888886,0.52898629000000008)
             (0.88266401222222213,0.52489243666666663)
             (0.88359438888888897,0.53046135333333322)
             (0.91933445333333330,0.36165494333333337)
             (0.85646072999999989,0.34472221333333336)
             (0.98433796333333345,0.44106625999999999)
             (0.96580065666666670,0.45085480666666666)
             (0.95625441999999994,0.46575978666666668)
             (0.95635992666666658,0.45578629999999998)
             (0.95563476000000003,0.49507518999999994)
             (0.95524817333333323,0.51476566000000001)
             (0.94597196666666672,0.51021105666666666)
             (0.94595629666666670,0.50029677666666672)
              (1.0801849333333333,0.33098922999999997)
              (1.0891419666666666,0.31503190333333331)
              (1.0891188666666667,0.32554792666666665)
             (0.94537280333333340,0.28335604666666669)
             (0.94548948666666666,0.29379971999999999)
             (0.93654927333333349,0.29892102666666664)
             (0.92747724999999992,0.29357956333333335)
             (0.91854436999999989,0.29867974000000003)
             (0.92789347333333339,0.32499662000000001)
             (0.92775607333333332,0.31450801666666667)
             (0.91869230333333329,0.30914122666666666)
              (1.0624346333333332,0.34181729666666660)
             (0.99963303666666670,0.31526407333333334)
              (1.2252974555555554,0.34884324222222224)
              (1.2209679888888889,0.34592976888888888)
              (1.2235762555555556,0.34155885888888893)
              (1.2075544000000000,0.30933088000000003)
              (1.1935287666666667,0.37570873222222217)
              (1.1991968000000000,0.37667615888888889)
              (1.1957907333333333,0.38174919888888886)
              (1.1705121000000001,0.36027202666666663)
              (1.1879693333333332,0.37157284666666673)
              (1.1799223333333333,0.35545530000000003)
              (1.1887224666666667,0.36106919333333337)
              (1.1607012666666667,0.37526477333333336)
              (1.1778107000000000,0.38670768000000000)
              (1.1787428000000000,0.37610303666666667)
              (1.1700857000000000,0.37041611000000002)
              (1.1724282777777777,0.40630050999999995)
              (1.1779379444444444,0.40669013000000004)
              (1.1742744777777778,0.41192192999999994)
              (1.1734966222222223,0.41546828333333324)
              (1.1748265222222223,0.42087554333333332)
              (1.1693168555555555,0.42048592333333329)
              (1.1343653333333334,0.27827149666666667)
              (1.1893428333333333,0.30951897666666667)
              (1.1434363666666667,0.28346770000000004)
              (1.1344414666666667,0.29899085000000003)
              (1.1435082999999999,0.29382446333333334)
              (1.1803231666666665,0.31462509333333327)
              (1.1614672666666668,0.35504290666666666)
              (1.0353652333333334,0.29438954000000001)
              (1.0802022666666666,0.29942559333333335)
              (1.0892002666666667,0.29410842666666670)
              (1.0892285333333334,0.28367073000000004)
              (1.0712366000000000,0.31528101333333330)
              (1.0712556666666666,0.32583410000000002)
              (1.0534108666666666,0.32596895666666664)
              (1.0623577666666666,0.33120738333333333)
              (1.0622655333333333,0.26815841666666668)
              (1.0802379000000000,0.27851345666666666)
              (1.0802608666666667,0.26807908666666669)
              (1.0712691666666667,0.26290627666666666)
              (1.1253433333333334,0.28347961666666671)
              (1.1253475333333334,0.29384220666666666)
              (1.0712922333333332,0.25248524999999999)
              (1.0894092666666666,0.23162227666666668)
              (1.0893141333333334,0.25241422333333335)
              (1.0803590666666667,0.23685095666666667)
              (1.0803188666666665,0.24724742333333335)
             (0.76157790666666658,0.41494230777777780)
             (0.76463506999999986,0.40987425777777781)
             (0.76757493333333338,0.41553146444444439)
             (0.77359437888888893,0.42631948999999997)
             (0.77677247888888890,0.43179395999999998)
             (0.77073022222222232,0.43155390999999993)
             (0.77661122999999999,0.41773726666666661)
             (0.77355406666666671,0.42280531666666660)
             (0.77056897333333330,0.41749721666666662)
             (0.88272859666666659,0.30854703666666666)
             (0.84724347333333327,0.32880748333333337)
             (0.84678102333333338,0.30789998333333335)
             (0.78437033000000012,0.37394679333333336)
             (0.80252225999999993,0.37480945333333332)
             (0.79364031666666668,0.36931939333333336)
             (0.74818115777777783,0.37521516444444442)
             (0.75074443111111122,0.38131044777777778)
             (0.74507676111111110,0.37994264777777781)
             (0.71333743333333333,0.26389781444444443)
             (0.71478641333333337,0.27014608444444449)
             (0.70978754333333338,0.26845626111111115)
             (0.71109249555555554,0.23807049444444442)
             (0.71761886555555554,0.23922948444444445)
             (0.71299195888888889,0.24341361111111112)
             (0.71297918999999998,0.25205230222222225)
             (0.70645281999999998,0.25089331222222222)
             (0.71183204000000000,0.24661931555555558)
             (0.71464751333333332,0.26039039222222221)
             (0.71502786333333335,0.25442657222222226)
             (0.72002673333333334,0.25611639555555560)
             (0.71718834555555555,0.27251702555555557)
             (0.72294516222222216,0.27338157888888887)
             (0.71939527222222222,0.27794002555555553)
             (0.72020863777777777,0.28728468111111111)
             (0.71445182111111116,0.28642012777777776)
             (0.71871114111111112,0.28141580111111103)
             (0.73823248333333336,0.28152212999999998)
             (0.72546081666666673,0.22438424000000001)
             (0.73428476666666675,0.21831960333333333)
             (0.72410426666666672,0.23564042333333335)
   (6.94395429006716202E-310,6.94395429006716202E-310)
   (1.32242954624424738E-316,1.32242954624424738E-316)
               (0.0000000000000000,0.0000000000000000)
               (0.0000000000000000,0.0000000000000000)
               (0.0000000000000000,0.0000000000000000)
               (0.0000000000000000,0.0000000000000000)
               (0.0000000000000000,0.0000000000000000)
               (0.0000000000000000,0.0000000000000000)
               (0.0000000000000000,0.0000000000000000)
               (0.0000000000000000,0.0000000000000000)
               (0.0000000000000000,0.0000000000000000)
               (0.0000000000000000,0.0000000000000000)
               (0.0000000000000000,0.0000000000000000)
               (0.0000000000000000,0.0000000000000000)
               (0.0000000000000000,0.0000000000000000)
               (0.0000000000000000,0.0000000000000000)
               (0.0000000000000000,0.0000000000000000)
               (0.0000000000000000,0.0000000000000000)
               (0.0000000000000000,0.0000000000000000)
               (0.0000000000000000,0.0000000000000000)
               (0.0000000000000000,0.0000000000000000)
               (0.0000000000000000,0.0000000000000000)
               (0.0000000000000000,0.0000000000000000)
               (0.0000000000000000,0.0000000000000000)
               (0.0000000000000000,0.0000000000000000)
               (0.0000000000000000,0.0000000000000000)
               (0.0000000000000000,0.0000000000000000)
               (0.0000000000000000,0.0000000000000000)
               (0.0000000000000000,0.0000000000000000)
               (0.0000000000000000,0.0000000000000000)
               (0.0000000000000000,0.0000000000000000)
               (0.0000000000000000,0.0000000000000000)
               (0.0000000000000000,0.0000000000000000)
               (0.0000000000000000,0.0000000000000000)
               (0.0000000000000000,0.0000000000000000)
               (0.0000000000000000,0.0000000000000000)
               (0.0000000000000000,0.0000000000000000)
               (0.0000000000000000,0.0000000000000000)
               (0.0000000000000000,0.0000000000000000)
               (0.0000000000000000,0.0000000000000000)
               (0.0000000000000000,0.0000000000000000)
               (0.0000000000000000,0.0000000000000000)
               (0.0000000000000000,0.0000000000000000)
               (0.0000000000000000,0.0000000000000000)
               (0.0000000000000000,0.0000000000000000)
               (0.0000000000000000,0.0000000000000000)
               (0.0000000000000000,0.0000000000000000)
               (0.0000000000000000,0.0000000000000000)
               (0.0000000000000000,0.0000000000000000)
               (0.0000000000000000,0.0000000000000000)
               (0.0000000000000000,0.0000000000000000)
               (0.0000000000000000,0.0000000000000000)
               (0.0000000000000000,0.0000000000000000)
               (0.0000000000000000,0.0000000000000000)
               (0.0000000000000000,0.0000000000000000)
               (0.0000000000000000,0.0000000000000000)
               (0.0000000000000000,0.0000000000000000)
               (0.0000000000000000,0.0000000000000000)
               (0.0000000000000000,0.0000000000000000)
               (0.0000000000000000,0.0000000000000000)
               (0.0000000000000000,0.0000000000000000)
               (0.0000000000000000,0.0000000000000000)
               (0.0000000000000000,0.0000000000000000)
               (0.0000000000000000,0.0000000000000000)
               (0.0000000000000000,0.0000000000000000)
               (0.0000000000000000,0.0000000000000000)
               (0.0000000000000000,0.0000000000000000)
               (0.0000000000000000,0.0000000000000000)
               (0.0000000000000000,0.0000000000000000)
               (0.0000000000000000,0.0000000000000000)
               (0.0000000000000000,0.0000000000000000)
               (0.0000000000000000,0.0000000000000000)
               (0.0000000000000000,0.0000000000000000)
               (0.0000000000000000,0.0000000000000000)
               (0.0000000000000000,0.0000000000000000)
               (0.0000000000000000,0.0000000000000000)
               (0.0000000000000000,0.0000000000000000)
               (0.0000000000000000,0.0000000000000000)
               (0.0000000000000000,0.0000000000000000)
               (0.0000000000000000,0.0000000000000000)
               (0.0000000000000000,0.0000000000000000)
               (0.0000000000000000,0.0000000000000000)
               (0.0000000000000000,0.0000000000000000)
               (0.0000000000000000,0.0000000000000000)
               (0.0000000000000000,0.0000000000000000)
               (0.0000000000000000,0.0000000000000000)
               (0.0000000000000000,0.0000000000000000)
               (0.0000000000000000,0.0000000000000000)
               (0.0000000000000000,0.0000000000000000)
               (0.0000000000000000,0.0000000000000000)
               (0.0000000000000000,0.0000000000000000)
               (0.0000000000000000,0.0000000000000000)
               (0.0000000000000000,0.0000000000000000)
               (0.0000000000000000,0.0000000000000000)
               (0.0000000000000000,0.0000000000000000)
               (0.0000000000000000,0.0000000000000000)
               (0.0000000000000000,0.0000000000000000)
               (0.0000000000000000,0.0000000000000000)
               (0.0000000000000000,0.0000000000000000)
               (0.0000000000000000,0.0000000000000000)
               (0.0000000000000000,0.0000000000000000)
               (0.0000000000000000,0.0000000000000000)
               (0.0000000000000000,0.0000000000000000)
               (0.0000000000000000,0.0000000000000000)
               (0.0000000000000000,0.0000000000000000)
               (0.0000000000000000,0.0000000000000000)
               (0.0000000000000000,0.0000000000000000)
               (0.0000000000000000,0.0000000000000000)
               (0.0000000000000000,0.0000000000000000)
               (0.0000000000000000,0.0000000000000000)
               (0.0000000000000000,0.0000000000000000)
               (0.0000000000000000,0.0000000000000000)
               (0.0000000000000000,0.0000000000000000)
               (0.0000000000000000,0.0000000000000000)
               (0.0000000000000000,0.0000000000000000)
               (0.0000000000000000,0.0000000000000000)
               (0.0000000000000000,0.0000000000000000)
               (0.0000000000000000,0.0000000000000000)
               (0.0000000000000000,0.0000000000000000)
               (0.0000000000000000,0.0000000000000000)
               (0.0000000000000000,0.0000000000000000)
               (0.0000000000000000,0.0000000000000000)
               (0.0000000000000000,0.0000000000000000)
               (0.0000000000000000,0.0000000000000000)
               (0.0000000000000000,0.0000000000000000)
               (0.0000000000000000,0.0000000000000000)
               (0.0000000000000000,0.0000000000000000)
               (0.0000000000000000,0.0000000000000000)
               (0.0000000000000000,0.0000000000000000)
               (0.0000000000000000,0.0000000000000000)
               (0.0000000000000000,0.0000000000000000)
               (0.0000000000000000,0.0000000000000000)
               (0.0000000000000000,0.0000000000000000)
               (0.0000000000000000,0.0000000000000000)
               (0.0000000000000000,0.0000000000000000)
               (0.0000000000000000,0.0000000000000000)
               (0.0000000000000000,0.0000000000000000)
               (0.0000000000000000,0.0000000000000000)
               (0.0000000000000000,0.0000000000000000)
               (0.0000000000000000,0.0000000000000000)
               (0.0000000000000000,0.0000000000000000)
               (0.0000000000000000,0.0000000000000000)
               (0.0000000000000000,0.0000000000000000)
               (0.0000000000000000,0.0000000000000000)
               (0.0000000000000000,0.0000000000000000)
               (0.0000000000000000,0.0000000000000000)
               (0.0000000000000000,0.0000000000000000)
               (0.0000000000000000,0.0000000000000000)
               (0.0000000000000000,0.0000000000000000)
               (0.0000000000000000,0.0000000000000000)
               (0.0000000000000000,0.0000000000000000)
               (0.0000000000000000,0.0000000000000000)
               (0.0000000000000000,0.0000000000000000)
               (0.0000000000000000,0.0000000000000000)
               (0.0000000000000000,0.0000000000000000)
               (0.0000000000000000,0.0000000000000000)
               (0.0000000000000000,0.0000000000000000)
               (0.0000000000000000,0.0000000000000000)
               (0.0000000000000000,0.0000000000000000)
               (0.0000000000000000,0.0000000000000000)
               (0.0000000000000000,0.0000000000000000)
               (0.0000000000000000,0.0000000000000000)
               (0.0000000000000000,0.0000000000000000)
               (0.0000000000000000,0.0000000000000000)
               (0.0000000000000000,0.0000000000000000)
               (0.0000000000000000,0.0000000000000000)
               (0.0000000000000000,0.0000000000000000)
               (0.0000000000000000,0.0000000000000000)
               (0.0000000000000000,0.0000000000000000)
               (0.0000000000000000,0.0000000000000000)
               (0.0000000000000000,0.0000000000000000)
               (0.0000000000000000,0.0000000000000000)
               (0.0000000000000000,0.0000000000000000)
               (0.0000000000000000,0.0000000000000000)
               (0.0000000000000000,0.0000000000000000)
               (0.0000000000000000,0.0000000000000000)
               (0.0000000000000000,0.0000000000000000)
               (0.0000000000000000,0.0000000000000000)
               (0.0000000000000000,0.0000000000000000)
               (0.0000000000000000,0.0000000000000000)
               (0.0000000000000000,0.0000000000000000)
               (0.0000000000000000,0.0000000000000000)
               (0.0000000000000000,0.0000000000000000)
               (0.0000000000000000,0.0000000000000000)
               (0.0000000000000000,0.0000000000000000)
               (0.0000000000000000,0.0000000000000000)
               (0.0000000000000000,0.0000000000000000)
               (0.0000000000000000,0.0000000000000000)
               (0.0000000000000000,0.0000000000000000)
               (0.0000000000000000,0.0000000000000000)
               (0.0000000000000000,0.0000000000000000)
               (0.0000000000000000,0.0000000000000000)
               (0.0000000000000000,0.0000000000000000)
               (0.0000000000000000,0.0000000000000000)
               (0.0000000000000000,0.0000000000000000)
               (0.0000000000000000,0.0000000000000000)
               (0.0000000000000000,0.0000000000000000)
               (0.0000000000000000,0.0000000000000000)
               (0.0000000000000000,0.0000000000000000)
               (0.0000000000000000,0.0000000000000000)
               (0.0000000000000000,0.0000000000000000)
               (0.0000000000000000,0.0000000000000000)
               (0.0000000000000000,0.0000000000000000)
               (0.0000000000000000,0.0000000000000000)
               (0.0000000000000000,0.0000000000000000)
               (0.0000000000000000,0.0000000000000000)
               (0.0000000000000000,0.0000000000000000)
               (0.0000000000000000,0.0000000000000000)
               (0.0000000000000000,0.0000000000000000)
               (0.0000000000000000,0.0000000000000000)
               (0.0000000000000000,0.0000000000000000)
               (0.0000000000000000,0.0000000000000000)
               (0.0000000000000000,0.0000000000000000)
               (0.0000000000000000,0.0000000000000000)
               (0.0000000000000000,0.0000000000000000)
               (0.0000000000000000,0.0000000000000000)
               (0.0000000000000000,0.0000000000000000)
               (0.0000000000000000,0.0000000000000000)
               (0.0000000000000000,0.0000000000000000)
               (0.0000000000000000,0.0000000000000000)
               (0.0000000000000000,0.0000000000000000)
               (0.0000000000000000,0.0000000000000000)
               (0.0000000000000000,0.0000000000000000)
               (0.0000000000000000,0.0000000000000000)
               (0.0000000000000000,0.0000000000000000)
               (0.0000000000000000,0.0000000000000000)
               (0.0000000000000000,0.0000000000000000)
               (0.0000000000000000,0.0000000000000000)
               (0.0000000000000000,0.0000000000000000)
               (0.0000000000000000,0.0000000000000000)
               (0.0000000000000000,0.0000000000000000)
               (0.0000000000000000,0.0000000000000000)
               (0.0000000000000000,0.0000000000000000)
               (0.0000000000000000,0.0000000000000000)
               (0.0000000000000000,0.0000000000000000)
               (0.0000000000000000,0.0000000000000000)
               (0.0000000000000000,0.0000000000000000)
               (0.0000000000000000,0.0000000000000000)
               (0.0000000000000000,0.0000000000000000)
               (0.0000000000000000,0.0000000000000000)
               (0.0000000000000000,0.0000000000000000)
               (0.0000000000000000,0.0000000000000000)
               (0.0000000000000000,0.0000000000000000)
               (0.0000000000000000,0.0000000000000000)
               (0.0000000000000000,0.0000000000000000)
               (0.0000000000000000,0.0000000000000000)
               (0.0000000000000000,0.0000000000000000)
               (0.0000000000000000,0.0000000000000000)
               (0.0000000000000000,0.0000000000000000)
               (0.0000000000000000,0.0000000000000000)
               (0.0000000000000000,0.0000000000000000)
               (0.0000000000000000,0.0000000000000000)
               (0.0000000000000000,0.0000000000000000)
               (0.0000000000000000,0.0000000000000000)
               (0.0000000000000000,0.0000000000000000)
               (0.0000000000000000,0.0000000000000000)
               (0.0000000000000000,0.0000000000000000)
               (0.0000000000000000,0.0000000000000000)
               (0.0000000000000000,0.0000000000000000)
               (0.0000000000000000,0.0000000000000000)
               (0.0000000000000000,0.0000000000000000)
               (0.0000000000000000,0.0000000000000000)
               (0.0000000000000000,0.0000000000000000)
               (0.0000000000000000,0.0000000000000000)
               (0.0000000000000000,0.0000000000000000)
               (0.0000000000000000,0.0000000000000000)
               (0.0000000000000000,0.0000000000000000)
               (0.0000000000000000,0.0000000000000000)
               (0.0000000000000000,0.0000000000000000)
               (0.0000000000000000,0.0000000000000000)
               (0.0000000000000000,0.0000000000000000)
               (0.0000000000000000,0.0000000000000000)
               (0.0000000000000000,0.0000000000000000)
               (0.0000000000000000,0.0000000000000000)
               (0.0000000000000000,0.0000000000000000)
               (0.0000000000000000,0.0000000000000000)
               (0.0000000000000000,0.0000000000000000)
               (0.0000000000000000,0.0000000000000000)
               (0.0000000000000000,0.0000000000000000)
               (0.0000000000000000,0.0000000000000000)
               (0.0000000000000000,0.0000000000000000)
               (0.0000000000000000,0.0000000000000000)
               (0.0000000000000000,0.0000000000000000)
               (0.0000000000000000,0.0000000000000000)
               (0.0000000000000000,0.0000000000000000)
               (0.0000000000000000,0.0000000000000000)
               (0.0000000000000000,0.0000000000000000)
               (0.0000000000000000,0.0000000000000000)
               (0.0000000000000000,0.0000000000000000)
               (0.0000000000000000,0.0000000000000000)
               (0.0000000000000000,0.0000000000000000)
               (0.0000000000000000,0.0000000000000000)
               (0.0000000000000000,0.0000000000000000)
               (0.0000000000000000,0.0000000000000000)
               (0.0000000000000000,0.0000000000000000)
               (0.0000000000000000,0.0000000000000000)
               (0.0000000000000000,0.0000000000000000)
               (0.0000000000000000,0.0000000000000000)
               (0.0000000000000000,0.0000000000000000)
               (0.0000000000000000,0.0000000000000000)
               (0.0000000000000000,0.0000000000000000)
               (0.0000000000000000,0.0000000000000000)
               (0.0000000000000000,0.0000000000000000)
               (0.0000000000000000,0.0000000000000000)
               (0.0000000000000000,0.0000000000000000)
               (0.0000000000000000,0.0000000000000000)
               (0.0000000000000000,0.0000000000000000)
               (0.0000000000000000,0.0000000000000000)
               (0.0000000000000000,0.0000000000000000)
               (0.0000000000000000,0.0000000000000000)
               (0.0000000000000000,0.0000000000000000)
               (0.0000000000000000,0.0000000000000000)
               (0.0000000000000000,0.0000000000000000)
               (0.0000000000000000,0.0000000000000000)
               (0.0000000000000000,0.0000000000000000)
               (0.0000000000000000,0.0000000000000000)
               (0.0000000000000000,0.0000000000000000)
               (0.0000000000000000,0.0000000000000000)
               (0.0000000000000000,0.0000000000000000)
               (0.0000000000000000,0.0000000000000000)
               (0.0000000000000000,0.0000000000000000)
               (0.0000000000000000,0.0000000000000000)
               (0.0000000000000000,0.0000000000000000)
               (0.0000000000000000,0.0000000000000000)
               (0.0000000000000000,0.0000000000000000)
               (0.0000000000000000,0.0000000000000000)
               (0.0000000000000000,0.0000000000000000)
               (0.0000000000000000,0.0000000000000000)
               (0.0000000000000000,0.0000000000000000)
               (0.0000000000000000,0.0000000000000000)
               (0.0000000000000000,0.0000000000000000)
               (0.0000000000000000,0.0000000000000000)
               (0.0000000000000000,0.0000000000000000)
               (0.0000000000000000,0.0000000000000000)
               (0.0000000000000000,0.0000000000000000)
               (0.0000000000000000,0.0000000000000000)
               (0.0000000000000000,0.0000000000000000)
               (0.0000000000000000,0.0000000000000000)
               (0.0000000000000000,0.0000000000000000)
               (0.0000000000000000,0.0000000000000000)
               (0.0000000000000000,0.0000000000000000)
               (0.0000000000000000,0.0000000000000000)
               (0.0000000000000000,0.0000000000000000)
               (0.0000000000000000,0.0000000000000000)
               (0.0000000000000000,0.0000000000000000)
               (0.0000000000000000,0.0000000000000000)
               (0.0000000000000000,0.0000000000000000)
               (0.0000000000000000,0.0000000000000000)
               (0.0000000000000000,0.0000000000000000)
               (0.0000000000000000,0.0000000000000000)
               (0.0000000000000000,0.0000000000000000)
               (0.0000000000000000,0.0000000000000000)
               (0.0000000000000000,0.0000000000000000)
               (0.0000000000000000,0.0000000000000000)
               (0.0000000000000000,0.0000000000000000)
               (0.0000000000000000,0.0000000000000000)
               (0.0000000000000000,0.0000000000000000)
               (0.0000000000000000,0.0000000000000000)
               (0.0000000000000000,0.0000000000000000)
               (0.0000000000000000,0.0000000000000000)
               (0.0000000000000000,0.0000000000000000)
               (0.0000000000000000,0.0000000000000000)
               (0.0000000000000000,0.0000000000000000)
               (0.0000000000000000,0.0000000000000000)
               (0.0000000000000000,0.0000000000000000)
               (0.0000000000000000,0.0000000000000000)
               (0.0000000000000000,0.0000000000000000)
               (0.0000000000000000,0.0000000000000000)
               (0.0000000000000000,0.0000000000000000)
               (0.0000000000000000,0.0000000000000000)
               (0.0000000000000000,0.0000000000000000)
               (0.0000000000000000,0.0000000000000000)
               (0.0000000000000000,0.0000000000000000)
               (0.0000000000000000,0.0000000000000000)
               (0.0000000000000000,0.0000000000000000)
               (0.0000000000000000,0.0000000000000000)
               (0.0000000000000000,0.0000000000000000)
               (0.0000000000000000,0.0000000000000000)
               (0.0000000000000000,0.0000000000000000)
               (0.0000000000000000,0.0000000000000000)
               (0.0000000000000000,0.0000000000000000)
               (0.0000000000000000,0.0000000000000000)
               (0.0000000000000000,0.0000000000000000)
               (0.0000000000000000,0.0000000000000000)
               (0.0000000000000000,0.0000000000000000)
               (0.0000000000000000,0.0000000000000000)
               (0.0000000000000000,0.0000000000000000)
               (0.0000000000000000,0.0000000000000000)
               (0.0000000000000000,0.0000000000000000)
               (0.0000000000000000,0.0000000000000000)
               (0.0000000000000000,0.0000000000000000)
               (0.0000000000000000,0.0000000000000000)
               (0.0000000000000000,0.0000000000000000)
               (0.0000000000000000,0.0000000000000000)
               (0.0000000000000000,0.0000000000000000)
               (0.0000000000000000,0.0000000000000000)
               (0.0000000000000000,0.0000000000000000)
               (0.0000000000000000,0.0000000000000000)
               (0.0000000000000000,0.0000000000000000)
               (0.0000000000000000,0.0000000000000000)
               (0.0000000000000000,0.0000000000000000)
               (0.0000000000000000,0.0000000000000000)
               (0.0000000000000000,0.0000000000000000)
               (0.0000000000000000,0.0000000000000000)
               (0.0000000000000000,0.0000000000000000)
               (0.0000000000000000,0.0000000000000000)
               (0.0000000000000000,0.0000000000000000)
               (0.0000000000000000,0.0000000000000000)
               (0.0000000000000000,0.0000000000000000)
               (0.0000000000000000,0.0000000000000000)
               (0.0000000000000000,0.0000000000000000)
               (0.0000000000000000,0.0000000000000000)
               (0.0000000000000000,0.0000000000000000)
               (0.0000000000000000,0.0000000000000000)
               (0.0000000000000000,0.0000000000000000)
               (0.0000000000000000,0.0000000000000000)
               (0.0000000000000000,0.0000000000000000)
               (0.0000000000000000,0.0000000000000000)
               (0.0000000000000000,0.0000000000000000)
               (0.0000000000000000,0.0000000000000000)
         (0.0000000000000000,6.04785757074269895E-320)
   (6.94395428997783495E-310,1.26911393427022678E-316)
               (0.0000000000000000,0.0000000000000000)
               (1.0000000000000000,1.0000000000000000)
               (1.0000000000000000,1.0000000000000000)
               (1.0000000000000000,1.0000000000000000)
               (1.0000000000000000,1.0000000000000000)
               (1.0000000000000000,1.0000000000000000)
               (1.0000000000000000,1.0000000000000000)
               (1.0000000000000000,1.0000000000000000)
               (1.0000000000000000,1.0000000000000000)
               (1.0000000000000000,1.0000000000000000)
               (1.0000000000000000,1.0000000000000000)
               (1.0000000000000000,1.0000000000000000)
               (1.0000000000000000,1.0000000000000000)
               (1.0000000000000000,1.0000000000000000)
               (1.0000000000000000,1.0000000000000000)
               (1.0000000000000000,1.0000000000000000)
               (1.0000000000000000,1.0000000000000000)
               (1.0000000000000000,1.0000000000000000)
         (1.0000000000000000,2.12199579145933796E-314)
               (1.0000000000000000,2.0000000000000000)
               (3.0000000000000000,4.0000000000000000)
               (5.0000000000000000,6.0000000000000000)
               (7.0000000000000000,8.0000000000000000)
               (9.0000000000000000,10.000000000000000)
               (11.000000000000000,12.000000000000000)
               (13.000000000000000,14.000000000000000)
               (15.000000000000000,16.000000000000000)
               (17.000000000000000,18.000000000000000)
               (19.000000000000000,20.000000000000000)
               (21.000000000000000,22.000000000000000)
               (23.000000000000000,24.000000000000000)
               (25.000000000000000,26.000000000000000)
               (27.000000000000000,28.000000000000000)
               (29.000000000000000,30.000000000000000)
               (31.000000000000000,32.000000000000000)
               (33.000000000000000,34.000000000000000)
               (35.000000000000000,36.000000000000000)
               (37.000000000000000,38.000000000000000)
               (0.0000000000000000,0.0000000000000000)
               (1.0000000000000000,3.0000000000000000)
               (6.0000000000000000,10.000000000000000)
               (15.000000000000000,21.000000000000000)
               (28.000000000000000,36.000000000000000)
