   1.3199999999999994        0.0000000000000000     
   1.3199805833926281        5.2935582899545841E-003
   1.3199223335601333        1.0586831692796162E-002
   1.3198252504707368        1.5879535274759861E-002
   1.3196893340693374        2.1171384008761247E-002
   1.3195145842743119        2.6462092727452719E-002
   1.3193010009730217        3.1751376076041005E-002
   1.3190485840160437        3.7038948464717600E-002
   1.3187573332101106        4.2324524020615525E-002
   1.3184272483097625        4.7607816539194561E-002
   1.3180583290077184        5.2888539434959490E-002
   1.3176505749239373        5.8166405691407581E-002
   1.3172039855934041        6.3441127810111728E-002
   1.3167185604525975        6.8712417758828123E-002
   1.3161942988246642        7.3979986918534343E-002
   1.3156311999032850        7.9243546029280701E-002
   1.3150292627352296        8.4502805134758247E-002
   1.3143884862015931        8.9757473525458181E-002
   1.3137088689977166        9.5007259680324349E-002
   1.3129904096117750       0.10025187120676823     
   1.3122331063020423       0.10549101477893670     
   1.3114369570728048       0.11072439607409874     
   1.3106019596489489       0.11595171970703425     
   1.3097281114491817       0.12117268916228362     
   1.3088154095579105       0.12638700672412945     
   1.3078638506957505       0.13159437340416366     
   1.3068734311886663       0.13679448886629678     
   1.3058441469357391       0.14198705134905912     
   1.3047759933755498       0.14717175758503159     
   1.3036689654511711       0.15234830271725014     
   1.3025230575737679       0.15751638021240347     
   1.3013382635847939       0.16267568177065486     
   1.3001145767167781       0.16782589723190033     
   1.2988519895527029       0.17296671447826822     
   1.2975504939839557       0.17809781933265981     
   1.2962100811668642       0.18321889545311962     
   1.2948307414777993       0.18832962422281263     
   1.2934124644668501       0.19342968463538085     
   1.2919552388100617       0.19851875317543183     
   1.2904590522602428       0.20359650369390403     
   1.2889238915963430       0.20866260727805266     
   1.2873497425713956       0.21371673211575684     
   1.2857365898590329       0.21875854335386860     
   1.2840844169985872       0.22378770295028480     
   1.2823932063387775       0.22880386951942089     
   1.2806629389799986       0.23380669817073230     
   1.2788935947152258       0.23879584033993617     
   1.2770851519695641       0.24377094361253837     
   1.2752375877384479       0.24873165153926666     
   1.2733508775245397       0.25367760344298568     
   1.2714249952733476       0.25860843421664642     
   1.2694599133076114       0.26352377411179068     
   1.2674556022605012       0.26842324851711297     
   1.2654120310076886       0.27330647772655015     
   1.2633291665983499       0.27817307669633723     
   1.2612069741851895       0.28302265479044197     
   1.2590454169535572       0.28785481551373815     
   1.2568444560497665       0.29266915623227019     
   1.2546040505087390       0.29746526787990091     
   1.2523241571810835       0.30224273465059337     
   1.2500047306597835       0.30700113367553916     
   1.2476457232066556       0.31174003468431449     
   1.2452470846787667       0.31645899964915203     
   1.2428087624550419       0.32115758241141634     
   1.2403307013633027       0.32583532828927381     
   1.2378128436080233       0.33049177366551397     
   1.2352551286991211       0.33512644555439525     
   1.2326574933821368       0.33973886114633622     
   1.2300198715702102       0.34432852732920738     
   1.2273421942783114       0.34889494018487677     
   1.2246243895602262       0.35343758445960838     
   1.2218663824488842       0.35795593300682688     
   1.2190680949006618       0.36244944620065317     
   1.2162294457443963       0.36691757131854913     
   1.2133503506359120       0.37135974189128890     
   1.2104307220189772       0.37577537701838554     
   1.2074704690937095       0.38016388064699741     
   1.2044694977935766       0.38452464081220067     
   1.2014277107722680       0.38885702883643553     
   1.1983450074018769       0.39316039848577922     
   1.1952212837839977       0.39743408508060862     
   1.1920564327755334       0.40167740455803463     
   1.1888503440312241       0.40588965248342784     
   1.1856029040651470       0.41007010300817215     
   1.1823139963336966       0.41421800777066237     
   1.1789835013428560       0.41833259473745482     
   1.1756112967829082       0.42241306698132192     
   1.1721972576940762       0.42645860139286484     
   1.1687412566670277       0.43046834732221095     
   1.1652431640826095       0.43444142514724515     
   1.1617028483956897       0.43837692476471835     
   1.1581201764685571       0.44227390400054917     
   1.1544950139599530       0.44613138693558835     
   1.1508272257764849       0.44994836214314471     
   1.1471166765939791       0.45372378083462173     
   1.1433632314571411       0.45745655490975418     
   1.1395667564668561       0.46114555490812204     
   1.1357271195654945       0.46478960785891665     
   1.1318441914317132       0.46838749502634319     
   1.1279178464975064       0.47193794954857560     
   1.1239479641016108       0.47543965396889382     
   1.1199344297948581       0.47889123765853592     
   1.1158771368146763       0.48229127413191342     
   1.1117759877476570       0.48563827825628880     
   1.1076308964009831       0.48893070335971273     
   1.1034417899054503       0.49216693824317609     
   1.0992086110748949       0.49534530410551514     
   1.0949313210489873       0.49846405139268435     
   1.0906099022485372       0.50152135658677166     
   1.0862443616746462       0.50451531895453061     
   1.0818347345851955       0.50744395728044611     
   1.0773810885841313       0.51030520661550349     
   1.0728835281607652       0.51309691507999067     
   1.0683421997176730       0.51581684076704715     
   1.0637572971265605       0.51846264880319914     
   1.0591290678515033       0.52103190863318050     
   1.0544578196779859       0.52352209160870466     
   1.0497439280836554       0.52593056897490464     
   1.0449878442827978       0.52825461036355859     
   1.0401901039700432       0.53049138291927111     
   1.0353513367798755       0.53263795120301782     
   1.0304722764662215       0.53469127803681460     
   1.0255537717901708       0.53664822647310306     
   1.0205967980831634       0.53850556309227160     
   1.0156024694270060       0.54025996285045952     
   1.0105720513603529       0.54190801571629721     
   1.0055069739834057       0.54344623534783632     
   1.0004088452879836       0.54487107006783009     
  0.99527946448959137       0.54617891639412097     
  0.99012083508151039       0.54736613536980516     
  0.98493517727008584       0.54842907191185619     
  0.97972493938716687       0.54936407735412918     
  0.97449280781315439       0.55016753529809592     
  0.96924171488653121       0.55083589079989337     
  0.96397484422829260       0.55136568281377829     
  0.95869563287866066       0.55175357967974537     
  0.95340776963576579       0.55199641728881321     
  0.94811518900880642       0.55209123938770854     
  0.94282206025818105       0.55203533930274951     
  0.93753277109739797       0.55182630218104955     
  0.93225190577878858       0.55146204667897059     
  0.92698421747637449       0.55094086488857019     
  0.92173459510865374       0.55026145919878744     
  0.91650802500165740       0.54942297475491053     
  0.91130954806231157       0.54842502621997713     
  0.90614421339475459       0.54726771766266891     
  0.90101702952591267       0.54595165459862005     
  0.89593291458944080       0.54447794748831502     
  0.89089664693068948       0.54284820632940989     
  0.88591281762528373       0.54106452635156965     
  0.88098578634538227       0.53912946520041694     
  0.87611964186278468       0.53704601235488580     
  0.87131816825852859       0.53481755183181079     
  0.86658481763285433       0.53244781947103348     
  0.86192268980073128       0.52994085624885379     
  0.85733451914149950       0.52730095913179287     
  0.85282266847037280       0.52453263095915903     
  0.84838912953447598       0.52164053074255334     
  0.84403552952114635       0.51862942560911252     
  0.83976314280945896       0.51550414541210055     
  0.83557290709927590       0.51226954080678155     
  0.83146544301215586       0.50893044535956466     
  0.82744107626798413       0.50549164203889763     
  0.82349986159047606       0.50195783423881268     
  0.81964160757316706       0.49833362131732450     
  0.81586590183468133       0.49462347849575977     
  0.81217213589864590       0.49083174086192582     
  0.80855952934182329       0.48696259114795298     
  0.80502715285792215       0.48302005090919331     
  0.80157394997992426       0.47900797470949763     
  0.79819875728811807       0.47493004691591362     
  0.79490032300298019       0.47078978071772309     
  0.79167732392167023       0.46659051900710602     
  0.78852838070433273       0.46233543678749101     
  0.78545207155308749       0.45802754480845748     
  0.78244694435354689       0.45366969416036879     
  0.77951152736740237       0.44926458159594040     
  0.77664433857661808       0.44481475537879150     
  0.77384389378616436       0.44032262148948659     
  0.77110871359435906       0.43579045004747929     
  0.76843732933876940       0.43122038183231676     
  0.76582828812208636       0.42661443480945144     
  0.76328015701719731       0.42197451058514279     
  0.76079152654442017       0.41730240073137204     
  0.75836101350696916       0.41259979293561866     
  0.75598726326354815       0.40786827694205530     
  0.75366895150980984       0.40310935026047029     
  0.75140478563342983       0.39832442362719334     
  0.74919350570085663       0.39351482620882439     
  0.74703388512754998       0.38868181054476042     
  0.74492473107766877       0.38382655722868181     
  0.74286488463383948       0.37895017933233671     
  0.74085322077274807       0.37405372657747671     
  0.73888864817789468       0.36913818926358505     
  0.73697010891688763       0.36420450196040038     
  0.73509657800711103       0.35925354697512424     
  0.73326706289043475       0.35428615760476789     
  0.73148060283487082       0.34930312118440415     
  0.72973626827857130       0.34430518194218612     
  0.72803316012943287       0.33929304367189794     
  0.72637040903162675       0.33426737223363423     
  0.72474717460874483       0.32922879789288889     
  0.72316264469175695       0.32417791750799102     
  0.72161603453873724       0.31911529657541493     
  0.72010658605219646       0.31404147114204456     
  0.71863356699890568       0.30895694959304049     
  0.71719627023627630       0.30386221432347366     
  0.71579401294863665       0.29875772330144801     
  0.71442613589613968       0.29364391152996649     
  0.71309200267850403       0.28852119241437302     
  0.71179099901533838       0.28338995904175318     
  0.71052253204441507       0.27825058537828462     
  0.70928602963892640       0.27310342739013344     
  0.70808093974447139       0.26794882409311993     
  0.70690672973630664       0.26278709853601789     
  0.70576288579715341       0.25761855872205214     
  0.70464891231573268       0.25244349847279846     
  0.70356433130602336       0.24726219823845014     
  0.70250868184714432       0.24207492585809809     
  0.70148151954365390       0.23688193727345072     
  0.70048241600599248       0.23168347719915547     
  0.69951095835072352       0.22647977975268019     
  0.69856674872018554       0.22127106904649471     
  0.69764940382112217       0.21605755974510957     
  0.69675855448183377       0.21083945758933384     
  0.69589384522736952       0.20561695988998099     
  0.69505493387227180       0.20039025599305324     
  0.69424149113036293       0.19515952771833245     
  0.69345320024108048       0.18992494977314492     
  0.69268975661184728       0.18468669014296657     
  0.69195086747598578       0.17944491046040442     
  0.69123625156567137       0.17419976635398984     
  0.69054563879944775       0.16895140777812420     
  0.68987876998383002       0.16369997932543409     
  0.68923539652852517       0.15844562052268735     
  0.68861528017482976       0.15318846611136755     
  0.68801819273677123       0.14792864631392263     
  0.68744391585456777       0.14266628708662935     
  0.68689224076001110       0.13740151035997067     
  0.68636296805336705       0.13213443426735627     
  0.68585590749144343       0.12686517336295794     
  0.68537087778645367       0.12159383882939924     
  0.68490770641533882       0.11632053867597986     
  0.68446622943923063       0.11104537792807560     
  0.68404629133274675       0.10576845880832762     
  0.68364774482281288       0.10048988091018234     
  0.68327045073675496        9.5209741364321365E-002
  0.68291427785937753        8.9928134998494447E-002
  0.68257910279880196        8.4645154491225783E-002
  0.68226480986081484        7.9360890519853705E-002
  0.68197129093153208        7.4075431903327688E-002
  0.68169844536814206        6.8788865740179506E-002
  0.68144617989757450        6.3501277542049164E-002
  0.68121440852289461        5.8212751363143155E-002
  0.68100305243726478        5.2923369925973553E-002
  0.68081203994533102        4.7633214743722944E-002
  0.68064130639190101        4.2342366239557006E-002
  0.68049079409777269        3.7050903863199418E-002
  0.68036045230261522        3.1758906205076654E-002
  0.68025023711480248        2.6466451108319512E-002
  0.68016011146810829        2.1173615778912185E-002
  0.68009004508518944        1.5880476894263636E-002
  0.68004001444779538        1.0587110710475172E-002
  0.68001000277365753        5.2935931685699099E-003
  0.67999999999999883       -5.2256756654370862E-014
  0.68001000277365797       -5.2935931686767176E-003
  0.68004001444779638       -1.0587110710582028E-002
  0.68009004508519055       -1.5880476894370464E-002
  0.68016011146811017       -2.1173615779018981E-002
  0.68025023711480415       -2.6466451108426377E-002
  0.68036045230261766       -3.1758906205183415E-002
  0.68049079409777535       -3.7050903863306305E-002
  0.68064130639190423       -4.2342366239663864E-002
  0.68081203994533446       -4.7633214743829720E-002
  0.68100305243726900       -5.2923369926080203E-002
  0.68121440852289927       -5.8212751363249604E-002
  0.68144617989757950       -6.3501277542155607E-002
  0.68169844536814728       -6.8788865740285851E-002
  0.68197129093153763       -7.4075431903434130E-002
  0.68226480986082105       -7.9360890519959870E-002
  0.68257910279880818       -8.4645154491331684E-002
  0.68291427785938452       -8.9928134998599960E-002
  0.68327045073676240       -9.5209741364426573E-002
  0.68364774482282042      -0.10048988091028778     
  0.68404629133275474      -0.10576845880843298     
  0.68446622943923952      -0.11104537792818092     
  0.68490770641534771      -0.11632053867608490     
  0.68537087778646311      -0.12159383882950424     
  0.68585590749145364      -0.12686517336306247     
  0.68636296805337738      -0.13213443426746072     
  0.68689224076002176      -0.13740151036007500     
  0.68744391585457898      -0.14266628708673351     
  0.68801819273678300      -0.14792864631402708     
  0.68861528017484186      -0.15318846611147191     
  0.68923539652853794      -0.15844562052279154     
  0.68987876998384290      -0.16369997932553834     
  0.69054563879946129      -0.16895140777822815     
  0.69123625156568536      -0.17419976635409390     
  0.69195086747600010      -0.17944491046050873     
  0.69268975661186238      -0.18468669014307026     
  0.69345320024109580      -0.18992494977324809     
  0.69424149113037892      -0.19515952771843584     
  0.69505493387228823      -0.20039025599315718     
  0.69589384522738673      -0.20561695989008458     
  0.69675855448185087      -0.21083945758943748     
  0.69764940382114027      -0.21605755974521271     
  0.69856674872020419      -0.22127106904659816     
  0.69951095835074240      -0.22647977975278305     
  0.70048241600601224      -0.23168347719925847     
  0.70148151954367410      -0.23688193727355411     
  0.70250868184716486      -0.24207492585820042     
  0.70356433130604445      -0.24726219823855225     
  0.70464891231575422      -0.25244349847290115     
  0.70576288579717583      -0.25761855872215444     
  0.70690672973632940      -0.26278709853612009     
  0.70808093974449504      -0.26794882409322213     
  0.70928602963895038      -0.27310342739023569     
  0.71052253204443971      -0.27825058537838609     
  0.71179099901536347      -0.28338995904185454     
  0.71309200267853012      -0.28852119241447405     
  0.71442613589616655      -0.29364391153006747     
  0.71579401294866385      -0.29875772330154843     
  0.71719627023630439      -0.30386221432357380     
  0.71863356699893433      -0.30895694959314052     
  0.72010658605222566      -0.31404147114214409     
  0.72161603453876733      -0.31911529657551446     
  0.72316264469178759      -0.32417791750809016     
  0.72474717460877602      -0.32922879789298787     
  0.72637040903165895      -0.33426737223373271     
  0.72803316012946584      -0.33929304367199625     
  0.72973626827860483      -0.34430518194228360     
  0.73148060283490524      -0.34930312118450124     
  0.73326706289046983      -0.35428615760486398     
  0.73509657800714678      -0.35925354697521994     
  0.73697010891692449      -0.36420450196049609     
  0.73888864817793254      -0.36913818926368069     
  0.74085322077278670      -0.37405372657757252     
  0.74286488463387923      -0.37895017933243230     
  0.74492473107770918      -0.38382655722877645     
  0.74703388512759172      -0.38868181054485496     
  0.74919350570089949      -0.39351482620891859     
  0.75140478563347302      -0.39832442362728687     
  0.75366895150985436      -0.40310935026056305     
  0.75598726326359367      -0.40786827694214789     
  0.75836101350701635      -0.41259979293571092     
  0.76079152654446847      -0.41730240073146418     
  0.76328015701724661      -0.42197451058523389     
  0.76582828812213710      -0.42661443480954203     
  0.76843732933882114      -0.43122038183240757     
  0.77110871359441235      -0.43579045004756967     
  0.77384389378621932      -0.44032262148957646     
  0.77664433857667459      -0.44481475537888054     
  0.77951152736745999      -0.44926458159602894     
  0.78244694435360596      -0.45366969416045622     
  0.78545207155314822      -0.45802754480854363     
  0.78852838070439946      -0.46233543678758271     
  0.79167732392174173      -0.46659051900720111     
  0.79490032300305435      -0.47078978071781752     
  0.79819875728819312      -0.47493004691600677     
  0.80157394997999898      -0.47900797470958650     
  0.80502715285799553      -0.48302005090927624     
  0.80855952934189812      -0.48696259114803492     
  0.81217213589872250      -0.49083174086200604     
  0.81586590183475982      -0.49462347849583849     
  0.81964160757324733      -0.49833362131740228     
  0.82349986159055777      -0.50195783423888785     
  0.82744107626806773      -0.50549164203897079     
  0.83146544301224079      -0.50893044535963583     
  0.83557290709936261      -0.51226954080685072     
  0.83976314280954723      -0.51550414541216671     
  0.84403552952123650      -0.51862942560917680     
  0.84838912953456802      -0.52164053074261496     
  0.85282266847046651      -0.52453263095921820     
  0.85733451914159464      -0.52730095913184949     
  0.86192268980082809      -0.52994085624890752     
  0.86658481763295236      -0.53244781947108444     
  0.87131816825862818      -0.53481755183185864     
  0.87611964186288560      -0.53704601235493066     
  0.88098578634548430      -0.53912946520045901     
  0.88591281762538721      -0.54106452635160829     
  0.89089664693079418      -0.54284820632944575     
  0.89593291458954660      -0.54447794748834721     
  0.90101702952601914      -0.54595165459864925     
  0.90614421339486162      -0.54726771766269489     
  0.91130954806240483      -0.54842502621999678     
  0.91650802500174766      -0.54942297475492641     
  0.92173459510874400      -0.55026145919880043     
  0.92698421747646531      -0.55094086488858074     
  0.93225190577888162      -0.55146204667897825     
  0.93753277109749811      -0.55182630218105477     
  0.94282206025828830      -0.55203533930275206     
  0.94811518900891378      -0.55209123938770788     
  0.95340776963587315      -0.55199641728880944     
  0.95869563287876802      -0.55175357967973926     
  0.96397484422839974      -0.55136568281376863     
  0.96924171488663768      -0.55083589079988127     
  0.97449280781326064      -0.55016753529808093     
  0.97972493938727268      -0.54936407735411152     
  0.98493517727019098      -0.54842907191183587     
  0.99012083508161464      -0.54736613536978240     
  0.99527946448969484      -0.54617891639409555     
   1.0004088452880862      -0.54487107006780267     
   1.0055069739835076      -0.54344623534780645     
   1.0105720513604544      -0.54190801571626568     
   1.0156024694271064      -0.54025996285042543     
   1.0205967980832789      -0.53850556309222986     
   1.0255537717902938      -0.53664822647305577     
   1.0304722764663472      -0.53469127803676331     
   1.0353513367800016      -0.53263795120296298     
   1.0401901039701675      -0.53049138291921472     
   1.0449878442829212      -0.52825461036349974     
   1.0497439280837768      -0.52593056897484391     
   1.0544578196781029      -0.52352209160864382     
   1.0591290678516105      -0.52103190863312265     
   1.0637572971266593      -0.51846264880314286     
   1.0683421997177711      -0.51581684076698930     
   1.0728835281608629      -0.51309691507993149     
   1.0773810885842281      -0.51030520661544199     
   1.0818347345852917      -0.50744395728038327     
   1.0862443616747410      -0.50451531895446688     
   1.0906099022486311      -0.50152135658670594     
   1.0949313210490801      -0.49846405139261768     
   1.0992086110749866      -0.49534530410544730     
   1.1034417899055411      -0.49216693824310648     
   1.1076308964010728      -0.48893070335964212     
   1.1117759877477453      -0.48563827825621736     
   1.1158771368147644      -0.48229127413184114     
   1.1199344297949456      -0.47889123765846170     
   1.1239479641016972      -0.47543965396881843     
   1.1279178464975919      -0.47193794954849877     
   1.1318441914317976      -0.46838749502626592     
   1.1357271195655778      -0.46478960785883877     
   1.1395667564669389      -0.46114555490804299     
   1.1433632314572229      -0.45745655490967380     
   1.1471166765940601      -0.45372378083454057     
   1.1508272257765650      -0.44994836214306205     
   1.1544950139600323      -0.44613138693550475     
   1.1581201764686357      -0.44227390400046390     
   1.1617028483957670      -0.43837692476463286     
   1.1652431640826866      -0.43444142514715861     
   1.1687412566671040      -0.43046834732212347     
   1.1721972576941517      -0.42645860139277625     
   1.1756112967829833      -0.42241306698123221     
   1.1789835013429304      -0.41833259473736412     
   1.1823139963337697      -0.41421800777057088     
   1.1856029040652192      -0.41007010300808000     
   1.1888503440312959      -0.40588965248333470     
   1.1920564327756038      -0.40167740455794060     
   1.1952212837840670      -0.39743408508051481     
   1.1983450074019451      -0.39316039848568513     
   1.2014277107723352      -0.38885702883634021     
   1.2044694977936432      -0.38452464081210486     
   1.2074704690937756      -0.38016388064690032     
   1.2104307220190429      -0.37577537701828739     
   1.2133503506359768      -0.37135974189118925     
   1.2162294457444605      -0.36691757131844910     
   1.2190680949007247      -0.36244944620055286     
   1.2218663824489462      -0.35795593300672629     
   1.2246243895602875      -0.35343758445950707     
   1.2273421942783720      -0.34889494018477502     
   1.2300198715702697      -0.34432852732910485     
   1.2326574933821954      -0.33973886114623347     
   1.2352551286991789      -0.33512644555429183     
   1.2378128436080802      -0.33049177366541010     
   1.2403307013633582      -0.32583532828917006     
   1.2428087624550963      -0.32115758241131215     
   1.2452470846788208      -0.31645899964904728     
   1.2476457232067086      -0.31174003468420958     
   1.2500047306598354      -0.30700113367543375     
   1.2523241571811345      -0.30224273465048718     
   1.2546040505087894      -0.29746526787979438     
   1.2568444560498158      -0.29266915623216294     
   1.2590454169536058      -0.28785481551363062     
   1.2612069741852370      -0.28302265479033423     
   1.2633291665983968      -0.27817307669622920     
   1.2654120310077346      -0.27330647772644157     
   1.2674556022605463      -0.26842324851700378     
   1.2694599133076556      -0.26352377411168137     
   1.2714249952733911      -0.25860843421653679     
   1.2733508775245821      -0.25367760344287554     
   1.2752375877384894      -0.24873165153915641     
   1.2770851519696049      -0.24377094361242829     
   1.2788935947152655      -0.23879584033982573     
   1.2806629389800375      -0.23380669817062150     
   1.2823932063388155      -0.22880386951930951     
   1.2840844169986245      -0.22378770295017325     
   1.2857365898590691      -0.21875854335375677     
   1.2873497425714306      -0.21371673211564479     
   1.2889238915963774      -0.20866260727794064     
   1.2904590522602761      -0.20359650369379165     
   1.2919552388100941      -0.19851875317531995     
   1.2934124644668819      -0.19342968463526891     
   1.2948307414778304      -0.18832962422270050     
   1.2962100811668940      -0.18321889545300699     
   1.2975504939839846      -0.17809781933254726     
   1.2988519895527311      -0.17296671447815548     
   1.3001145767168054      -0.16782589723178704     
   1.3013382635848201      -0.16267568177054118     
   1.3025230575737938      -0.15751638021228984     
   1.3036689654511957      -0.15234830271713590     
   1.3047759933755736      -0.14717175758491763     
   1.3058441469357627      -0.14198705134894526     
   1.3068734311886885      -0.13679448886618273     
   1.3078638506957718      -0.13159437340404992     
   1.3088154095579310      -0.12638700672401562     
   1.3097281114492012      -0.12117268916216967     
   1.3106019596489678      -0.11595171970691999     
   1.3114369570728228      -0.11072439607398399     
   1.3122331063020594      -0.10549101477882186     
   1.3129904096117915      -0.10025187120665376     
   1.3137088689977319       -9.5007259680209705E-002
   1.3143884862016073       -8.9757473525343370E-002
   1.3150292627352433       -8.4502805134643644E-002
   1.3156311999032977       -7.9243546029166306E-002
   1.3161942988246762       -7.3979986918419810E-002
   1.3167185604526082       -6.8712417758713673E-002
   1.3172039855934141       -6.3441127809997097E-002
   1.3176505749239467       -5.8166405691292951E-002
   1.3180583290077263       -5.2888539434844589E-002
   1.3184272483097703       -4.7607816539079563E-002
   1.3187573332101172       -4.2324524020500402E-002
   1.3190485840160495       -3.7038948464602525E-002
   1.3193010009730268       -3.1751376075925923E-002
   1.3195145842743161       -2.6462092727337731E-002
   1.3196893340693405       -2.1171384008646203E-002
   1.3198252504707388       -1.5879535274644654E-002
   1.3199223335601349       -1.0586831692680853E-002
   1.3199805833926286       -5.2935582898522172E-003
