   1.3560644067596719        0.0000000000000000     
   1.3560381212539834        6.3111424930252114E-003
   1.3559592644548417        1.2621868112309394E-002
   1.3558278355165392        1.8931759912147354E-002
   1.3556438330222422        2.5240400804010486E-002
   1.3554072549739651        3.1547373483604729E-002
   1.3551180987781080        3.7852260358040582E-002
   1.3547763612268473        4.4154643472432441E-002
   1.3543820384753467        5.0454104434747959E-002
   1.3539351260147965        5.6750224339358557E-002
   1.3534356186411660        6.3042583689685183E-002
   1.3528835104198067        6.9330762317570238E-002
   1.3522787946455868        7.5614339302688002E-002
   1.3516214637988597        8.1892892887389074E-002
   1.3509115094968747        8.8166000390904664E-002
   1.3501489224409189        9.4433238118986018E-002
   1.3493336923588157       0.10069418127170619     
   1.3484658079428804       0.10694840384754720     
   1.3475452567833175       0.11319547854329980     
   1.3465720252968238       0.11943497665055605     
   1.3455460986503844       0.12566646794787817     
   1.3444674606802851       0.13188952058781056     
   1.3433360938060581       0.13810370097960306     
   1.3421519789393643       0.14430857366632155     
   1.3409150953876849       0.15050370119638926     
   1.3396254207527853       0.15668864398871815     
   1.3382829308235731       0.16286296019228552     
   1.3368875994636087       0.16902620553774794     
   1.3354393984927075       0.17517793318272190     
   1.3339382975629366       0.18131769354827529     
   1.3323842640283283       0.18744503414828323     
   1.3307772628086028       0.19355949940925340     
   1.3291172562464959       0.19966063048091370     
   1.3274042039585001       0.20574796503721718     
   1.3256380626789555       0.21182103706635566     
   1.3238187860971091       0.21787937665000351     
   1.3219463246870584       0.22392250973054562     
   1.3200206255302955       0.22994995786556502     
   1.3180416321305497       0.23596123796935597     
   1.3160092842209086       0.24195586203955793     
   1.3139235175625288       0.24793333686948002     
   1.3117842637351382       0.25389316374371262     
   1.3095914499186985       0.25983483811699853     
   1.3073449986660886       0.26575784927481000     
   1.3050448276663094       0.27166167997501806     
   1.3026908494982830       0.27754580606823720     
   1.3002829713743451       0.28340969609710248     
   1.2978210948735400       0.28925281087185228     
   1.2953051156642019       0.29507460302105426     
   1.2927349232153755       0.30087451651601371     
   1.2901104004967978       0.30665198616690426     
   1.2874314236670215       0.31240643708880139     
   1.2846978617494007       0.31813728413531267     
   1.2819095762952237       0.32384393129828326     
   1.2790664210340943       0.32952577107031245     
   1.2761682415107574       0.33518218376824510     
   1.2732148747082086       0.34081253681459206     
   1.2702061486568397       0.34641618397356855     
   1.2671418820289357       0.35199246453939986     
   1.2640218837185404       0.35754070247270769     
   1.2608459524065734       0.36306020548103191     
   1.2576138761104394       0.36855026404048208     
   1.2543254317186543       0.37401015035288349     
   1.2509803845102194       0.37943911723425106     
   1.2475784876585629       0.38483639692970817     
   1.2441194817206225       0.39020119984878959     
   1.2406030941114918       0.39553271321489969     
   1.2370290385649423       0.40083009962296312     
   1.2333970145806872       0.40609249549792098     
   1.2297067068598408       0.41131900944588873     
   1.2259577847295597       0.41650872049040744     
   1.2221499015591835       0.42166067618390674     
   1.2182826941697744       0.42677389058532822     
   1.2143557822406752       0.43184734209232717     
   1.2103687677158952       0.43687997111758481     
   1.2063212342155702       0.44187067759577070     
   1.2022127464573940       0.44681831830834040     
   1.1980428496948945       0.45172170401123857     
   1.1938110691803168       0.45657959635003703     
   1.1895169096619425       0.46139070454524272     
   1.1851598549268600       0.46615368183010109     
   1.1807393674028908       0.47086712162132011     
   1.1762548878363928       0.47552955340150055     
   1.1717058350640759       0.48013943829237515     
   1.1670916059031617       0.48469516429396020     
   1.1624115751852437       0.48919504116687557     
   1.1576650959669084       0.49363729493100561     
   1.1528514999539470       0.49802006195491916     
   1.1479700981834264       0.50234138260905536     
   1.1430201820156518       0.50659919445555468     
   1.1380010244957492       0.51079132494933643     
   1.1329118821569411       0.51491548362442985     
   1.1277519973469179       0.51896925374434466     
   1.1225206011738365       0.52295008339763949     
   1.1172169171829163       0.52685527602640059     
   1.1118401658924530       0.53068198038300063     
   1.1063895703362316       0.53442717992254785     
   1.1008643627821690       0.53808768165217591     
   1.0952637928191549       0.54166010447867263     
   1.0895871370299546       0.54514086712069099     
   1.0838337104941289       0.54852617568390050     
   1.0780028803923041       0.55181201103758615     
   1.0720940820092300       0.55499411618124272     
   1.0661068374575688       0.55806798385128897     
   1.0600407774634759       0.56102884469194447     
   1.0538956665672616       0.56387165640285408     
   1.0476714320905161       0.56659109438133981     
   1.0413681972051900       0.56918154449564462     
   1.0349863183943833       0.57163709876268975     
   1.0285264275215609       0.57395155485099714     
   1.0219894786082409       0.57611842048648521     
   1.0153767992476437       0.57813092399674570     
   1.0086901463544520       0.57998203237329005     
   1.0019317656444122       0.58166447835008961     
  0.99510445385872892       0.58317079806219019     
  0.98821162228897630       0.58449338083638769     
  0.98125735963083738       0.58562453254223246     
  0.97424649161711341       0.58655655366158621     
  0.96718463429068247       0.58728183278396517     
  0.96007823723143637       0.58779295557618916     
  0.95293461261520751       0.58808282839733328     
  0.94576194575522143       0.58814481464479162     
  0.93856928284312657       0.58797288067122389     
  0.93136649206553646       0.58756174678991524     
  0.92416419518334914       0.58690703761352614     
  0.91697366804991831       0.58600542490936991     
  0.90980671036343830       0.58485475547785848     
  0.90267548708447032       0.58345415643611453     
  0.89559234619944339       0.58180411083807648     
  0.88856961963322845       0.57990649782893577     
  0.88161941582875314       0.57776459346174991     
  0.87475341357219472       0.57538303073380492     
  0.86798266688165737       0.57276772007909604     
  0.86131743012276796       0.56992573417609738     
  0.85476701104434416       0.56686516319490221     
  0.84833965731642558       0.56359494826238388     
  0.84204247967696111       0.56012470181622842     
  0.83588141224612256       0.55646452360729992     
  0.82986120823705556       0.55262482047163375     
  0.82398546738753498       0.54861613678375409     
  0.81825669009737356       0.54444900093488380     
  0.81267635251001680       0.54013379146344720     
  0.80724499659165694       0.53568062479810963     
  0.80196232953048874       0.53109926509293559     
  0.79682732738430262       0.52639905543411991     
  0.79183833871154030       0.52158886881169619     
  0.78699318481208436       0.51667707667085139     
  0.78228925409121275       0.51167153255590692     
  0.77772358886871940       0.50657956827518702     
  0.77329296365753897       0.50140800010202591     
  0.76899395450243779       0.49616314272071260     
  0.76482299941114051       0.49085082888991233     
  0.76077645022797846       0.48547643308667132     
  0.75685061651465824       0.48004489768716141     
  0.75304180213382688       0.47456076051890972     
  0.74934633529223316       0.46902818286733616     
  0.74576059281653651       0.46345097724069462     
  0.74228101941095193       0.45783263437881061     
  0.73890414260311643       0.45217634914466498     
  0.73562658402618342       0.44648504505985515     
  0.73244506761952477       0.44076139733980724     
  0.72935642526484901       0.43500785436027073     
  0.72635760030816576       0.42922665753992761     
  0.72344564935766154       0.42341985966580598     
  0.72061774269069923       0.41758934171544188     
  0.71787116355280078       0.41173682824907470     
  0.71520330658641673       0.40586390145638862     
  0.71261167558811656       0.39997201394829762     
  0.71009388075955993       0.39406250038788782     
  0.70764763558728294       0.38813658805112472     
  0.70527075346296275       0.38219540640785465     
  0.70296114413414201       0.37623999580784512     
  0.70071681005804332       0.37027131535214258     
  0.69853584271660485       0.36429025002487758     
  0.69641641893850181       0.35829761715435487     
  0.69435679726401056       0.35229417226742249     
  0.69235531438013365       0.34628061439529145     
  0.69041038164673985       0.34025759088364516     
  0.68852048172898206       0.33422570175562327     
  0.68668416534668808       0.32818550367136529     
  0.68490004814762151       0.32213751352271353     
  0.68316680770929306       0.31608221170037704     
  0.68148318067074243       0.31002004506386210     
  0.67984795999475811       0.30395142964424726     
  0.67825999235917711       0.29787675310545925     
  0.67671817567500714       0.29179637698779581     
  0.67522145672794431       0.28571063875368746     
  0.67376882893994972       0.27961985365597242     
  0.67235933024654670       0.27352431644502878     
  0.67099204108533284       0.26742430292972486     
  0.66966608249138848       0.26132007140680968     
  0.66838061429473650       0.25521186397048440     
  0.66713483341517232       0.24909990771311102     
  0.66592797225011191       0.24298441582799035     
  0.66475929715066251       0.23686558862231932     
  0.66362810698172325       0.23074361444910524     
  0.66253373176173580       0.22461867056487972     
  0.66147553137810866       0.21849092392019676     
  0.66045289437442634       0.21236053188944745     
  0.65946523680540259       0.20622764294339546     
  0.65851200115654973       0.20009239727239236     
  0.65759265532468947       0.19395492736217967     
  0.65670669165629869       0.18781535852708950     
  0.65585362604074859       0.18167380940498482     
  0.65503299705541618       0.17553039241640239     
  0.65424436516010620       0.16938521419138872     
  0.65348731193811049       0.16323837596624460     
  0.65276143938164310       0.15708997395372207     
  0.65206636921934369       0.15094009968762631     
  0.65140174228380154       0.14478884034505102     
  0.65076721791703129       0.13863627904713760     
  0.65016247341225764       0.13248249514168109     
  0.64958720349002785       0.12632756446705701     
  0.64904111980724366       0.12017155960027988     
  0.64852395049761946       0.11401455009119134     
  0.64803543974197986       0.10785660268169039     
  0.64757534736734279       0.10169778151361125     
  0.64714344847347072        9.5538148325282221E-002
  0.64673953308572385        8.9377762637081581E-002
  0.64636340583329055        8.3216681927949357E-002
  0.64601488565182508        7.7054961803768349E-002
  0.64569380550953659        7.0892656156790579E-002
  0.64540001215608100        6.4729817319417557E-002
  0.64513336589336068        5.8566496210393344E-002
  0.64489374036770841        5.2402742476120256E-002
  0.64468102238275482        4.6238604626040375E-002
  0.64449511173253760        4.0074130164597328E-002
  0.64433592105428361        3.3909365718063682E-002
  0.64420337570051023        2.7744357158631886E-002
  0.64409741363005135        2.1579149725278531E-002
  0.64401798531771981        1.5413788142391497E-002
  0.64396505368235823        9.2483167357830139E-003
  0.64393859403294029        3.0827795479988645E-003
  0.64393859403291598       -3.0827795480948372E-003
  0.64396505368233437       -9.2483167358631373E-003
  0.64401798531772081       -1.5413788142433941E-002
  0.64409741363005268       -2.1579149725389570E-002
  0.64420337570051145       -2.7744357158705771E-002
  0.64433592105428605       -3.3909365718162325E-002
  0.64449511173254059       -4.0074130164683454E-002
  0.64468102238275959       -4.6238604626163339E-002
  0.64489374036771130       -5.2402742476163396E-002
  0.64513336589336545       -5.8566496210503402E-002
  0.64540001215608311       -6.4729817319473373E-002
  0.64569380550954159       -7.0892656156894621E-002
  0.64601488565183063       -7.7054961803842373E-002
  0.64636340583329788       -8.3216681928034761E-002
  0.64673953308573007       -8.9377762637160879E-002
  0.64714344847347582       -9.5538148325338426E-002
  0.64757534736735156      -0.10169778151371300     
  0.64803543974198718      -0.10785660268179770     
  0.64852395049762790      -0.11401455009130994     
  0.64904111980725421      -0.12017155960038686     
  0.64958720349003418      -0.12632756446713078     
  0.65016247341226507      -0.13248249514177182     
  0.65076721791704206      -0.13863627904724382     
  0.65140174228380832      -0.14478884034513639     
  0.65206636921934802      -0.15094009968770217     
  0.65276143938165321      -0.15708997395382415     
  0.65348731193812282      -0.16323837596633589     
  0.65424436516011741      -0.16938521419146482     
  0.65503299705542661      -0.17553039241647847     
  0.65585362604076536      -0.18167380940510433     
  0.65670669165631279      -0.18781535852718934     
  0.65759265532470179      -0.19395492736226577     
  0.65851200115656217      -0.20009239727247824     
  0.65946523680541869      -0.20622764294349960     
  0.66045289437444532      -0.21236053188955517     
  0.66147553137812443      -0.21849092392027764     
  0.66253373176174690      -0.22461867056494778     
  0.66362810698173891      -0.23074361444918656     
  0.66475929715067816      -0.23686558862239104     
  0.66592797225012290      -0.24298441582805924     
  0.66713483341518820      -0.24909990771319648     
  0.66838061429475082      -0.25521186397056173     
  0.66966608249140214      -0.26132007140688007     
  0.67099204108534927      -0.26742430292980268     
  0.67235933024656447      -0.27352431644510694     
  0.67376882893997125      -0.27961985365606101     
  0.67522145672795730      -0.28571063875375513     
  0.67671817567502146      -0.29179637698786459     
  0.67825999235920265      -0.29787675310555545     
  0.67984795999477909      -0.30395142964432942     
  0.68148318067076774      -0.31002004506395087     
  0.68316680770932603      -0.31608221170047729     
  0.68490004814765104      -0.32213751352280628     
  0.68668416534670962      -0.32818550367143917     
  0.68852048172900671      -0.33422570175571054     
  0.69041038164676227      -0.34025759088372343     
  0.69235531438016262      -0.34628061439538504     
  0.69435679726404043      -0.35229417226750936     
  0.69641641893852835      -0.35829761715442177     
  0.69853584271663638      -0.36429025002496596     
  0.70071681005806985      -0.37027131535221985     
  0.70296114413417254      -0.37623999580792777     
  0.70527075346298695      -0.38219540640792005     
  0.70764763558732657      -0.38813658805123580     
  0.71009388075958879      -0.39406250038795543     
  0.71261167558815175      -0.39997201394837528     
  0.71520330658644715      -0.40586390145645529     
  0.71787116355284331      -0.41173682824916857     
  0.72061774269073220      -0.41758934171551443     
  0.72344564935771072      -0.42341985966591023     
  0.72635760030821062      -0.42922665754002481     
  0.72935642526489719      -0.43500785436036693     
  0.73244506761956896      -0.44076139733988556     
  0.73562658402622383      -0.44648504505992137     
  0.73890414260317561      -0.45217634914476068     
  0.74228101941099900      -0.45783263437888522     
  0.74576059281659224      -0.46345097724078133     
  0.74934633529228067      -0.46902818286740655     
  0.75304180213387395      -0.47456076051898022     
  0.75685061651468655      -0.48004489768724201     
  0.76077645022801532      -0.48547643308677829     
  0.76482299941119891      -0.49085082889000869     
  0.76899395450251073      -0.49616314272078271     
  0.77329296365763511      -0.50140800010208531     
  0.77772358886879189      -0.50657956827523987     
  0.78228925409127081      -0.51167153255597309     
  0.78699318481215563      -0.51667707667092666     
  0.79183833871160003      -0.52158886881175659     
  0.79682732738437323      -0.52639905543418752     
  0.80196232953054969      -0.53109926509299044     
  0.80724499659172788      -0.53568062479816747     
  0.81267635251008341      -0.54013379146349894     
  0.81825669009744662      -0.54444900093493820     
  0.82398546738762302      -0.54861613678381527     
  0.82986120823713749      -0.55262482047168637     
  0.83588141224620860      -0.55646452360735144     
  0.84204247967703660      -0.56012470181627116     
  0.84833965731649297      -0.56359494826241940     
  0.85476701104440966      -0.56686516319493363     
  0.86131743012284712      -0.56992573417613179     
  0.86798266688177927      -0.57276772007914645     
  0.87475341357229230      -0.57538303073384156     
  0.88161941582884529      -0.57776459346177989     
  0.88856961963329772      -0.57990649782895565     
  0.89559234619950989      -0.58180411083809236     
  0.90267548708455958      -0.58345415643610909     
  0.90980671036354410      -0.58485475547785148     
  0.91697366805001246      -0.58600542490938301     
  0.92416419518348192      -0.58690703761355556     
  0.93136649206563060      -0.58756174678995376     
  0.93856928284323238      -0.58797288067124631     
  0.94576194575530659      -0.58814481464479174     
  0.95293461261528889      -0.58808282839733028     
  0.96007823723154251      -0.58779295557618316     
  0.96718463429079549      -0.58728183278395607     
  0.97424649161722265      -0.58655655366157422     
  0.98125735963094285      -0.58562453254221736     
  0.98821162228905723      -0.58449338083637403     
  0.99510445385882340      -0.58317079806217187     
   1.0019317656445097      -0.58166447835006729     
   1.0086901463545486      -0.57998203237326473     
   1.0153767992477463      -0.57813092399671540     
   1.0219894786083323      -0.57611842048645467     
   1.0285264275216475      -0.57395155485099536     
   1.0349863183944956      -0.57163709876270730     
   1.0413681972053215      -0.56918154449563396     
   1.0476714320906177      -0.56659109438130684     
   1.0538956665673496      -0.56387165640281500     
   1.0600407774635805      -0.56102884469189318     
   1.0661068374576710      -0.55806798385121192     
   1.0720940820093086      -0.55499411618115202     
   1.0780028803923845      -0.55181201103751709     
   1.0838337104942108      -0.54852617568385409     
   1.0895871370300465      -0.54514086712063581     
   1.0952637928192634      -0.54166010447860691     
   1.1008643627822614      -0.53808768165211984     
   1.1063895703363336      -0.53442717992248157     
   1.1118401658925450      -0.53068198038293690     
   1.1172169171830051      -0.52685527602633775     
   1.1225206011739244      -0.52295008339757465     
   1.1277519973470094      -0.51896925374427416     
   1.1329118821570283      -0.51491548362435868     
   1.1380010244958227      -0.51079132494927504     
   1.1430201820157186      -0.50659919445550006     
   1.1479700981835113      -0.50234138260898620     
   1.1528514999540147      -0.49802006195486342     
   1.1576650959669814      -0.49363729493093611     
   1.1624115751853308      -0.48919504116679308     
   1.1670916059032448      -0.48469516429388187     
   1.1717058350641503      -0.48013943829230216     
   1.1762548878364589      -0.47552955340143310     
   1.1807393674029523      -0.47086712162125299     
   1.1851598549269140      -0.46615368183004141     
   1.1895169096619962      -0.46139070454518294     
   1.1938110691803783      -0.45657959634996598     
   1.1980428496949473      -0.45172170401117856     
   1.2022127464574728      -0.44681831830824803     
   1.2063212342156502      -0.44187067759567478     
   1.2103687677159654      -0.43687997111749782     
   1.2143557822407516      -0.43184734209222747     
   1.2182826941698328      -0.42677389058525006     
   1.2221499015592356      -0.42166067618383779     
   1.2259577847296330      -0.41650872049030896     
   1.2297067068599015      -0.41131900944580335     
   1.2333970145807549      -0.40609249549782261     
   1.2370290385650056      -0.40083009962286648     
   1.2406030941115587      -0.39553271321479688     
   1.2441194817206660      -0.39020119984872498     
   1.2475784876586133      -0.38483639692962973     
   1.2509803845102656      -0.37943911723417051     
   1.2543254317187045      -0.37401015035279755     
   1.2576138761104818      -0.36855026404041363     
   1.2608459524066240      -0.36306020548094103     
   1.2640218837185908      -0.35754070247261321     
   1.2671418820289881      -0.35199246453930660     
   1.2702061486568932      -0.34641618397347085     
   1.2732148747082552      -0.34081253681450463     
   1.2761682415108073      -0.33518218376814968     
   1.2790664210341398      -0.32952577107021958     
   1.2819095762952610      -0.32384393129820532     
   1.2846978617494542      -0.31813728413520087     
   1.2874314236670770      -0.31240643708869015     
   1.2901104004968376      -0.30665198616682238     
   1.2927349232154166      -0.30087451651591840     
   1.2953051156642530      -0.29507460302093497     
   1.2978210948735840      -0.28925281087174892     
   1.3002829713743624      -0.28340969609706096     
   1.3026908494983187      -0.27754580606814966     
   1.3050448276663471      -0.27166167997492641     
   1.3073449986661181      -0.26575784927473950     
   1.3095914499187327      -0.25983483811690478     
   1.3117842637351667      -0.25389316374363258     
   1.3139235175625561      -0.24793333686940447     
   1.3160092842209392      -0.24195586203946354     
   1.3180416321305848      -0.23596123796924798     
   1.3200206255303257      -0.22994995786547609     
   1.3219463246870935      -0.22392250973044209     
   1.3238187860971422      -0.21787937664990403     
   1.3256380626789854      -0.21182103706625471     
   1.3274042039585352      -0.20574796503710188     
   1.3291172562465248      -0.19966063048081700     
   1.3307772628086414      -0.19355949940911038     
   1.3323842640283545      -0.18744503414818572     
   1.3339382975629721      -0.18131769354813565     
   1.3354393984927295      -0.17517793318262867     
   1.3368875994636287      -0.16902620553766001     
   1.3382829308235966      -0.16286296019217583     
   1.3396254207528080      -0.15668864398860866     
   1.3409150953877054      -0.15050370119628473     
   1.3421519789393896      -0.14430857366618968     
   1.3433360938060708      -0.13810370097954361     
   1.3444674606802991      -0.13188952058773382     
   1.3455460986503964      -0.12566646794780151     
   1.3465720252968365      -0.11943497665048571     
   1.3475452567833330      -0.11319547854321178     
   1.3484658079429011      -0.10694840384741192     
   1.3493336923588279      -0.10069418127161152     
   1.3501489224409329       -9.4433238118867627E-002
   1.3509115094968880       -8.8166000390786328E-002
   1.3516214637988710       -8.1892892887288612E-002
   1.3522787946455959       -7.5614339302599448E-002
   1.3528835104198174       -6.9330762317457370E-002
   1.3534356186411800       -6.3042583689517095E-002
   1.3539351260148016       -5.6750224339288419E-002
   1.3543820384753535       -5.0454104434640809E-002
   1.3547763612268531       -4.4154643472325471E-002
   1.3551180987781122       -3.7852260357933598E-002
   1.3554072549739697       -3.1547373483479427E-002
   1.3556438330222469       -2.5240400803909969E-002
   1.3558278355165423       -1.8931759912040415E-002
   1.3559592644548151       -1.2621868112170819E-002
   1.3560381212536960       -6.3111424929703768E-003
   1.3560644067596719        0.0000000000000000     
   1.3560381212539834        6.3111424930252114E-003
   1.3559592644548417        1.2621868112309394E-002
   1.3558278355165392        1.8931759912147354E-002
   1.3556438330222422        2.5240400804010486E-002
   1.3554072549739651        3.1547373483604729E-002
   1.3551180987781080        3.7852260358040582E-002
   1.3547763612268473        4.4154643472432441E-002
   1.3543820384753467        5.0454104434747959E-002
   1.3539351260147965        5.6750224339358557E-002
   1.3534356186411660        6.3042583689685183E-002
   1.3528835104198067        6.9330762317570238E-002
   1.3522787946455868        7.5614339302688002E-002
   1.3516214637988597        8.1892892887389074E-002
   1.3509115094968747        8.8166000390904664E-002
   1.3501489224409189        9.4433238118986018E-002
   1.3493336923588157       0.10069418127170619     
   1.3484658079428804       0.10694840384754720     
   1.3475452567833175       0.11319547854329980     
   1.3465720252968238       0.11943497665055605     
   1.3455460986503844       0.12566646794787817     
   1.3444674606802851       0.13188952058781056     
   1.3433360938060581       0.13810370097960306     
   1.3421519789393643       0.14430857366632155     
   1.3409150953876849       0.15050370119638926     
   1.3396254207527853       0.15668864398871815     
   1.3382829308235731       0.16286296019228552     
   1.3368875994636087       0.16902620553774794     
   1.3354393984927075       0.17517793318272190     
   1.3339382975629366       0.18131769354827529     
   1.3323842640283283       0.18744503414828323     
   1.3307772628086028       0.19355949940925340     
   1.3291172562464959       0.19966063048091370     
   1.3274042039585001       0.20574796503721718     
   1.3256380626789555       0.21182103706635566     
   1.3238187860971091       0.21787937665000351     
   1.3219463246870584       0.22392250973054562     
   1.3200206255302955       0.22994995786556502     
   1.3180416321305497       0.23596123796935597     
   1.3160092842209086       0.24195586203955793     
   1.3139235175625288       0.24793333686948002     
   1.3117842637351382       0.25389316374371262     
   1.3095914499186985       0.25983483811699853     
   1.3073449986660886       0.26575784927481000     
   1.3050448276663094       0.27166167997501806     
   1.3026908494982830       0.27754580606823720     
   1.3002829713743451       0.28340969609710248     
   1.2978210948735400       0.28925281087185228     
   1.2953051156642019       0.29507460302105426     
   1.2927349232153755       0.30087451651601371     
   1.2901104004967978       0.30665198616690426     
   1.2874314236670215       0.31240643708880139     
   1.2846978617494007       0.31813728413531267     
   1.2819095762952237       0.32384393129828326     
   1.2790664210340943       0.32952577107031245     
   1.2761682415107574       0.33518218376824510     
   1.2732148747082086       0.34081253681459206     
   1.2702061486568397       0.34641618397356855     
   1.2671418820289357       0.35199246453939986     
   1.2640218837185404       0.35754070247270769     
   1.2608459524065734       0.36306020548103191     
   1.2576138761104394       0.36855026404048208     
   1.2543254317186543       0.37401015035288349     
   1.2509803845102194       0.37943911723425106     
   1.2475784876585629       0.38483639692970817     
   1.2441194817206225       0.39020119984878959     
   1.2406030941114918       0.39553271321489969     
   1.2370290385649423       0.40083009962296312     
   1.2333970145806872       0.40609249549792098     
   1.2297067068598408       0.41131900944588873     
   1.2259577847295597       0.41650872049040744     
   1.2221499015591835       0.42166067618390674     
   1.2182826941697744       0.42677389058532822     
   1.2143557822406752       0.43184734209232717     
   1.2103687677158952       0.43687997111758481     
   1.2063212342155702       0.44187067759577070     
   1.2022127464573940       0.44681831830834040     
   1.1980428496948945       0.45172170401123857     
   1.1938110691803168       0.45657959635003703     
   1.1895169096619425       0.46139070454524272     
   1.1851598549268600       0.46615368183010109     
   1.1807393674028908       0.47086712162132011     
   1.1762548878363928       0.47552955340150055     
   1.1717058350640759       0.48013943829237515     
   1.1670916059031617       0.48469516429396020     
   1.1624115751852437       0.48919504116687557     
   1.1576650959669084       0.49363729493100561     
   1.1528514999539470       0.49802006195491916     
   1.1479700981834264       0.50234138260905536     
   1.1430201820156518       0.50659919445555468     
   1.1380010244957492       0.51079132494933643     
   1.1329118821569411       0.51491548362442985     
   1.1277519973469179       0.51896925374434466     
   1.1225206011738365       0.52295008339763949     
   1.1172169171829163       0.52685527602640059     
   1.1118401658924530       0.53068198038300063     
   1.1063895703362316       0.53442717992254785     
   1.1008643627821690       0.53808768165217591     
   1.0952637928191549       0.54166010447867263     
   1.0895871370299546       0.54514086712069099     
   1.0838337104941289       0.54852617568390050     
   1.0780028803923041       0.55181201103758615     
   1.0720940820092300       0.55499411618124272     
   1.0661068374575688       0.55806798385128897     
   1.0600407774634759       0.56102884469194447     
   1.0538956665672616       0.56387165640285408     
   1.0476714320905161       0.56659109438133981     
   1.0413681972051900       0.56918154449564462     
   1.0349863183943833       0.57163709876268975     
   1.0285264275215609       0.57395155485099714     
   1.0219894786082409       0.57611842048648521     
   1.0153767992476437       0.57813092399674570     
   1.0086901463544520       0.57998203237329005     
   1.0019317656444122       0.58166447835008961     
  0.99510445385872892       0.58317079806219019     
  0.98821162228897630       0.58449338083638769     
  0.98125735963083738       0.58562453254223246     
  0.97424649161711341       0.58655655366158621     
  0.96718463429068247       0.58728183278396517     
  0.96007823723143637       0.58779295557618916     
  0.95293461261520751       0.58808282839733328     
  0.94576194575522143       0.58814481464479162     
  0.93856928284312657       0.58797288067122389     
  0.93136649206553646       0.58756174678991524     
  0.92416419518334914       0.58690703761352614     
  0.91697366804991831       0.58600542490936991     
  0.90980671036343830       0.58485475547785848     
  0.90267548708447032       0.58345415643611453     
  0.89559234619944339       0.58180411083807648     
  0.88856961963322845       0.57990649782893577     
  0.88161941582875314       0.57776459346174991     
  0.87475341357219472       0.57538303073380492     
  0.86798266688165737       0.57276772007909604     
  0.86131743012276796       0.56992573417609738     
  0.85476701104434416       0.56686516319490221     
  0.84833965731642558       0.56359494826238388     
  0.84204247967696111       0.56012470181622842     
  0.83588141224612256       0.55646452360729992     
  0.82986120823705556       0.55262482047163375     
  0.82398546738753498       0.54861613678375409     
  0.81825669009737356       0.54444900093488380     
  0.81267635251001680       0.54013379146344720     
  0.80724499659165694       0.53568062479810963     
  0.80196232953048874       0.53109926509293559     
  0.79682732738430262       0.52639905543411991     
  0.79183833871154030       0.52158886881169619     
  0.78699318481208436       0.51667707667085139     
  0.78228925409121275       0.51167153255590692     
  0.77772358886871940       0.50657956827518702     
  0.77329296365753897       0.50140800010202591     
  0.76899395450243779       0.49616314272071260     
  0.76482299941114051       0.49085082888991233     
  0.76077645022797846       0.48547643308667132     
  0.75685061651465824       0.48004489768716141     
  0.75304180213382688       0.47456076051890972     
  0.74934633529223316       0.46902818286733616     
  0.74576059281653651       0.46345097724069462     
  0.74228101941095193       0.45783263437881061     
  0.73890414260311643       0.45217634914466498     
  0.73562658402618342       0.44648504505985515     
  0.73244506761952477       0.44076139733980724     
  0.72935642526484901       0.43500785436027073     
  0.72635760030816576       0.42922665753992761     
  0.72344564935766154       0.42341985966580598     
  0.72061774269069923       0.41758934171544188     
  0.71787116355280078       0.41173682824907470     
  0.71520330658641673       0.40586390145638862     
  0.71261167558811656       0.39997201394829762     
  0.71009388075955993       0.39406250038788782     
  0.70764763558728294       0.38813658805112472     
  0.70527075346296275       0.38219540640785465     
  0.70296114413414201       0.37623999580784512     
  0.70071681005804332       0.37027131535214258     
  0.69853584271660485       0.36429025002487758     
  0.69641641893850181       0.35829761715435487     
  0.69435679726401056       0.35229417226742249     
  0.69235531438013365       0.34628061439529145     
  0.69041038164673985       0.34025759088364516     
  0.68852048172898206       0.33422570175562327     
  0.68668416534668808       0.32818550367136529     
  0.68490004814762151       0.32213751352271353     
  0.68316680770929306       0.31608221170037704     
  0.68148318067074243       0.31002004506386210     
  0.67984795999475811       0.30395142964424726     
  0.67825999235917711       0.29787675310545925     
  0.67671817567500714       0.29179637698779581     
  0.67522145672794431       0.28571063875368746     
  0.67376882893994972       0.27961985365597242     
  0.67235933024654670       0.27352431644502878     
  0.67099204108533284       0.26742430292972486     
  0.66966608249138848       0.26132007140680968     
  0.66838061429473650       0.25521186397048440     
  0.66713483341517232       0.24909990771311102     
  0.66592797225011191       0.24298441582799035     
  0.66475929715066251       0.23686558862231932     
  0.66362810698172325       0.23074361444910524     
  0.66253373176173580       0.22461867056487972     
  0.66147553137810866       0.21849092392019676     
  0.66045289437442634       0.21236053188944745     
  0.65946523680540259       0.20622764294339546     
  0.65851200115654973       0.20009239727239236     
  0.65759265532468947       0.19395492736217967     
  0.65670669165629869       0.18781535852708950     
  0.65585362604074859       0.18167380940498482     
  0.65503299705541618       0.17553039241640239     
  0.65424436516010620       0.16938521419138872     
  0.65348731193811049       0.16323837596624460     
  0.65276143938164310       0.15708997395372207     
  0.65206636921934369       0.15094009968762631     
  0.65140174228380154       0.14478884034505102     
  0.65076721791703129       0.13863627904713760     
  0.65016247341225764       0.13248249514168109     
  0.64958720349002785       0.12632756446705701     
  0.64904111980724366       0.12017155960027988     
  0.64852395049761946       0.11401455009119134     
  0.64803543974197986       0.10785660268169039     
  0.64757534736734279       0.10169778151361125     
  0.64714344847347072        9.5538148325282221E-002
  0.64673953308572385        8.9377762637081581E-002
  0.64636340583329055        8.3216681927949357E-002
  0.64601488565182508        7.7054961803768349E-002
  0.64569380550953659        7.0892656156790579E-002
  0.64540001215608100        6.4729817319417557E-002
  0.64513336589336068        5.8566496210393344E-002
  0.64489374036770841        5.2402742476120256E-002
  0.64468102238275482        4.6238604626040375E-002
  0.64449511173253760        4.0074130164597328E-002
  0.64433592105428361        3.3909365718063682E-002
  0.64420337570051023        2.7744357158631886E-002
  0.64409741363005135        2.1579149725278531E-002
  0.64401798531771981        1.5413788142391497E-002
  0.64396505368235823        9.2483167357830139E-003
  0.64393859403294029        3.0827795479988645E-003
  0.64393859403291598       -3.0827795480948372E-003
  0.64396505368233437       -9.2483167358631373E-003
  0.64401798531772081       -1.5413788142433941E-002
  0.64409741363005268       -2.1579149725389570E-002
  0.64420337570051145       -2.7744357158705771E-002
  0.64433592105428605       -3.3909365718162325E-002
  0.64449511173254059       -4.0074130164683454E-002
  0.64468102238275959       -4.6238604626163339E-002
  0.64489374036771130       -5.2402742476163396E-002
  0.64513336589336545       -5.8566496210503402E-002
  0.64540001215608311       -6.4729817319473373E-002
  0.64569380550954159       -7.0892656156894621E-002
  0.64601488565183063       -7.7054961803842373E-002
  0.64636340583329788       -8.3216681928034761E-002
  0.64673953308573007       -8.9377762637160879E-002
  0.64714344847347582       -9.5538148325338426E-002
  0.64757534736735156      -0.10169778151371300     
  0.64803543974198718      -0.10785660268179770     
  0.64852395049762790      -0.11401455009130994     
  0.64904111980725421      -0.12017155960038686     
  0.64958720349003418      -0.12632756446713078     
  0.65016247341226507      -0.13248249514177182     
  0.65076721791704206      -0.13863627904724382     
  0.65140174228380832      -0.14478884034513639     
  0.65206636921934802      -0.15094009968770217     
  0.65276143938165321      -0.15708997395382415     
  0.65348731193812282      -0.16323837596633589     
  0.65424436516011741      -0.16938521419146482     
  0.65503299705542661      -0.17553039241647847     
  0.65585362604076536      -0.18167380940510433     
  0.65670669165631279      -0.18781535852718934     
  0.65759265532470179      -0.19395492736226577     
  0.65851200115656217      -0.20009239727247824     
  0.65946523680541869      -0.20622764294349960     
  0.66045289437444532      -0.21236053188955517     
  0.66147553137812443      -0.21849092392027764     
  0.66253373176174690      -0.22461867056494778     
  0.66362810698173891      -0.23074361444918656     
  0.66475929715067816      -0.23686558862239104     
  0.66592797225012290      -0.24298441582805924     
  0.66713483341518820      -0.24909990771319648     
  0.66838061429475082      -0.25521186397056173     
  0.66966608249140214      -0.26132007140688007     
  0.67099204108534927      -0.26742430292980268     
  0.67235933024656447      -0.27352431644510694     
  0.67376882893997125      -0.27961985365606101     
  0.67522145672795730      -0.28571063875375513     
  0.67671817567502146      -0.29179637698786459     
  0.67825999235920265      -0.29787675310555545     
  0.67984795999477909      -0.30395142964432942     
  0.68148318067076774      -0.31002004506395087     
  0.68316680770932603      -0.31608221170047729     
  0.68490004814765104      -0.32213751352280628     
  0.68668416534670962      -0.32818550367143917     
  0.68852048172900671      -0.33422570175571054     
  0.69041038164676227      -0.34025759088372343     
  0.69235531438016262      -0.34628061439538504     
  0.69435679726404043      -0.35229417226750936     
  0.69641641893852835      -0.35829761715442177     
  0.69853584271663638      -0.36429025002496596     
  0.70071681005806985      -0.37027131535221985     
  0.70296114413417254      -0.37623999580792777     
  0.70527075346298695      -0.38219540640792005     
  0.70764763558732657      -0.38813658805123580     
  0.71009388075958879      -0.39406250038795543     
  0.71261167558815175      -0.39997201394837528     
  0.71520330658644715      -0.40586390145645529     
  0.71787116355284331      -0.41173682824916857     
  0.72061774269073220      -0.41758934171551443     
  0.72344564935771072      -0.42341985966591023     
  0.72635760030821062      -0.42922665754002481     
  0.72935642526489719      -0.43500785436036693     
  0.73244506761956896      -0.44076139733988556     
  0.73562658402622383      -0.44648504505992137     
  0.73890414260317561      -0.45217634914476068     
  0.74228101941099900      -0.45783263437888522     
  0.74576059281659224      -0.46345097724078133     
  0.74934633529228067      -0.46902818286740655     
  0.75304180213387395      -0.47456076051898022     
  0.75685061651468655      -0.48004489768724201     
  0.76077645022801532      -0.48547643308677829     
  0.76482299941119891      -0.49085082889000869     
  0.76899395450251073      -0.49616314272078271     
  0.77329296365763511      -0.50140800010208531     
  0.77772358886879189      -0.50657956827523987     
  0.78228925409127081      -0.51167153255597309     
  0.78699318481215563      -0.51667707667092666     
  0.79183833871160003      -0.52158886881175659     
  0.79682732738437323      -0.52639905543418752     
  0.80196232953054969      -0.53109926509299044     
  0.80724499659172788      -0.53568062479816747     
  0.81267635251008341      -0.54013379146349894     
  0.81825669009744662      -0.54444900093493820     
  0.82398546738762302      -0.54861613678381527     
  0.82986120823713749      -0.55262482047168637     
  0.83588141224620860      -0.55646452360735144     
  0.84204247967703660      -0.56012470181627116     
  0.84833965731649297      -0.56359494826241940     
  0.85476701104440966      -0.56686516319493363     
  0.86131743012284712      -0.56992573417613179     
  0.86798266688177927      -0.57276772007914645     
  0.87475341357229230      -0.57538303073384156     
  0.88161941582884529      -0.57776459346177989     
  0.88856961963329772      -0.57990649782895565     
  0.89559234619950989      -0.58180411083809236     
  0.90267548708455958      -0.58345415643610909     
  0.90980671036354410      -0.58485475547785148     
  0.91697366805001246      -0.58600542490938301     
  0.92416419518348192      -0.58690703761355556     
  0.93136649206563060      -0.58756174678995376     
  0.93856928284323238      -0.58797288067124631     
  0.94576194575530659      -0.58814481464479174     
  0.95293461261528889      -0.58808282839733028     
  0.96007823723154251      -0.58779295557618316     
  0.96718463429079549      -0.58728183278395607     
  0.97424649161722265      -0.58655655366157422     
  0.98125735963094285      -0.58562453254221736     
  0.98821162228905723      -0.58449338083637403     
  0.99510445385882340      -0.58317079806217187     
   1.0019317656445097      -0.58166447835006729     
   1.0086901463545486      -0.57998203237326473     
   1.0153767992477463      -0.57813092399671540     
   1.0219894786083323      -0.57611842048645467     
   1.0285264275216475      -0.57395155485099536     
   1.0349863183944956      -0.57163709876270730     
   1.0413681972053215      -0.56918154449563396     
   1.0476714320906177      -0.56659109438130684     
   1.0538956665673496      -0.56387165640281500     
   1.0600407774635805      -0.56102884469189318     
   1.0661068374576710      -0.55806798385121192     
   1.0720940820093086      -0.55499411618115202     
   1.0780028803923845      -0.55181201103751709     
   1.0838337104942108      -0.54852617568385409     
   1.0895871370300465      -0.54514086712063581     
   1.0952637928192634      -0.54166010447860691     
   1.1008643627822614      -0.53808768165211984     
   1.1063895703363336      -0.53442717992248157     
   1.1118401658925450      -0.53068198038293690     
   1.1172169171830051      -0.52685527602633775     
   1.1225206011739244      -0.52295008339757465     
   1.1277519973470094      -0.51896925374427416     
   1.1329118821570283      -0.51491548362435868     
   1.1380010244958227      -0.51079132494927504     
   1.1430201820157186      -0.50659919445550006     
   1.1479700981835113      -0.50234138260898620     
   1.1528514999540147      -0.49802006195486342     
   1.1576650959669814      -0.49363729493093611     
   1.1624115751853308      -0.48919504116679308     
   1.1670916059032448      -0.48469516429388187     
   1.1717058350641503      -0.48013943829230216     
   1.1762548878364589      -0.47552955340143310     
   1.1807393674029523      -0.47086712162125299     
   1.1851598549269140      -0.46615368183004141     
   1.1895169096619962      -0.46139070454518294     
   1.1938110691803783      -0.45657959634996598     
   1.1980428496949473      -0.45172170401117856     
   1.2022127464574728      -0.44681831830824803     
   1.2063212342156502      -0.44187067759567478     
   1.2103687677159654      -0.43687997111749782     
   1.2143557822407516      -0.43184734209222747     
   1.2182826941698328      -0.42677389058525006     
   1.2221499015592356      -0.42166067618383779     
   1.2259577847296330      -0.41650872049030896     
   1.2297067068599015      -0.41131900944580335     
   1.2333970145807549      -0.40609249549782261     
   1.2370290385650056      -0.40083009962286648     
   1.2406030941115587      -0.39553271321479688     
   1.2441194817206660      -0.39020119984872498     
   1.2475784876586133      -0.38483639692962973     
   1.2509803845102656      -0.37943911723417051     
   1.2543254317187045      -0.37401015035279755     
   1.2576138761104818      -0.36855026404041363     
   1.2608459524066240      -0.36306020548094103     
   1.2640218837185908      -0.35754070247261321     
   1.2671418820289881      -0.35199246453930660     
   1.2702061486568932      -0.34641618397347085     
   1.2732148747082552      -0.34081253681450463     
   1.2761682415108073      -0.33518218376814968     
   1.2790664210341398      -0.32952577107021958     
   1.2819095762952610      -0.32384393129820532     
   1.2846978617494542      -0.31813728413520087     
   1.2874314236670770      -0.31240643708869015     
   1.2901104004968376      -0.30665198616682238     
   1.2927349232154166      -0.30087451651591840     
   1.2953051156642530      -0.29507460302093497     
   1.2978210948735840      -0.28925281087174892     
   1.3002829713743624      -0.28340969609706096     
   1.3026908494983187      -0.27754580606814966     
   1.3050448276663471      -0.27166167997492641     
   1.3073449986661181      -0.26575784927473950     
   1.3095914499187327      -0.25983483811690478     
   1.3117842637351667      -0.25389316374363258     
   1.3139235175625561      -0.24793333686940447     
   1.3160092842209392      -0.24195586203946354     
   1.3180416321305848      -0.23596123796924798     
   1.3200206255303257      -0.22994995786547609     
   1.3219463246870935      -0.22392250973044209     
   1.3238187860971422      -0.21787937664990403     
   1.3256380626789854      -0.21182103706625471     
   1.3274042039585352      -0.20574796503710188     
   1.3291172562465248      -0.19966063048081700     
   1.3307772628086414      -0.19355949940911038     
   1.3323842640283545      -0.18744503414818572     
   1.3339382975629721      -0.18131769354813565     
   1.3354393984927295      -0.17517793318262867     
   1.3368875994636287      -0.16902620553766001     
   1.3382829308235966      -0.16286296019217583     
   1.3396254207528080      -0.15668864398860866     
   1.3409150953877054      -0.15050370119628473     
   1.3421519789393896      -0.14430857366618968     
   1.3433360938060708      -0.13810370097954361     
   1.3444674606802991      -0.13188952058773382     
   1.3455460986503964      -0.12566646794780151     
   1.3465720252968365      -0.11943497665048571     
   1.3475452567833330      -0.11319547854321178     
   1.3484658079429011      -0.10694840384741192     
   1.3493336923588279      -0.10069418127161152     
   1.3501489224409329       -9.4433238118867627E-002
   1.3509115094968880       -8.8166000390786328E-002
   1.3516214637988710       -8.1892892887288612E-002
   1.3522787946455959       -7.5614339302599448E-002
   1.3528835104198174       -6.9330762317457370E-002
   1.3534356186411800       -6.3042583689517095E-002
   1.3539351260148016       -5.6750224339288419E-002
   1.3543820384753535       -5.0454104434640809E-002
   1.3547763612268531       -4.4154643472325471E-002
   1.3551180987781122       -3.7852260357933598E-002
   1.3554072549739697       -3.1547373483479427E-002
   1.3556438330222469       -2.5240400803909969E-002
   1.3558278355165423       -1.8931759912040415E-002
   1.3559592644548151       -1.2621868112170819E-002
   1.3560381212536960       -6.3111424929703768E-003
