   5.7241402173253967E-006
  -5.3245169156802385E-004
  -1.0732337594268431E-003
  -1.6149476341260833E-003
  -2.1557319905075190E-003
  -2.6938871874711621E-003
  -3.2281463206544378E-003
  -3.7578109957936943E-003
  -4.2827131437808731E-003
  -4.8030306904362930E-003
  -5.3190626100633395E-003
  -5.8310800204616244E-003
  -6.3392889674373908E-003
  -6.8438358618686359E-003
  -7.3447586325628032E-003
  -7.8418660219399666E-003
  -8.3346372595847016E-003
  -8.8222597774456641E-003
  -9.3038249158149487E-003
  -9.7785644722370915E-003
  -1.0245965356829560E-002
  -1.0705695046424829E-002
  -1.1157424050826896E-002
  -1.1600706386908721E-002
  -1.2035011845236507E-002
  -1.2459859835245512E-002
  -1.2874915429932469E-002
  -1.3279951394925287E-002
  -1.3674710205901084E-002
  -1.4058793953205039E-002
  -1.4431681796950393E-002
  -1.4792853784478758E-002
  -1.5141901452790978E-002
  -1.5478521448175667E-002
  -1.5802401093279701E-002
  -1.6113106464807927E-002
  -1.6410078876484727E-002
  -1.6692741586907884E-002
  -1.6960615605449633E-002
  -1.7213339131964375E-002
  -1.7450580825677266E-002
  -1.7671938174979966E-002
  -1.7876920599462588E-002
  -1.8065025389759633E-002
  -1.8235813356881212E-002
  -1.8388881487521821E-002
  -1.8523726815054715E-002
  -1.8639611057736365E-002
  -1.8735558443433990E-002
  -1.8810519142312271E-002
  -1.8863590389929713E-002
  -1.8894130972047930E-002
  -1.8901685733997364E-002
  -1.8885788456852664E-002
  -1.8845806556409172E-002
  -1.8780951702388946E-002
  -1.8690441075161362E-002
  -1.8573670153920016E-002
  -1.8430250550432976E-002
  -1.8259879643800783E-002
  -1.8062149642649575E-002
  -1.7836459178458594E-002
  -1.7582116008947126E-002
  -1.7298572698366609E-002
  -1.6985633651299809E-002
  -1.6643492352924939E-002
  -1.6272582196604952E-002
  -1.5873353086818989E-002
  -1.5446124319117443E-002
  -1.4991094022654118E-002
  -1.4508472791537060E-002
  -1.3998648261155542E-002
  -1.3462318466658003E-002
  -1.2900602257684871E-002
  -1.2315156222392501E-002
  -1.1708276218946363E-002
  -1.1082906135848456E-002
  -1.0442494993359039E-002
  -9.7907357376252353E-003
  -9.1313084228751441E-003
  -8.4677563952505214E-003
  -7.8035310654983895E-003
  -7.1421160708122385E-003
  -6.4870857666740741E-003
  -5.8420124298243217E-003
  -5.2102596642202483E-003
  -4.5947858634878885E-003
  -3.9980691570555265E-003
  -3.4221720875394373E-003
  -2.8688653901769324E-003
  -2.3396992599341812E-003
  -1.8359655322320086E-003
  -1.3585864870222799E-003
  -9.0802130404120916E-004
  -4.8426051571711542E-004
  -8.6908973700020313E-005
   2.8469445583510262E-004
   6.3136555546144469E-004
   9.5397622232488218E-004
   1.2533566075133896E-003
   1.5302117028525998E-003
   1.7850930948646213E-003
   2.0184493894392598E-003
   2.2307253797556560E-003
   2.4224418266639305E-003
   2.5942038933774898E-003
   2.7466453849691037E-003
   2.8803673951843748E-003
   2.9959294319106115E-003
   3.0938997105073064E-003
   3.1749150213612768E-003
   3.2396899329509930E-003
   3.2889603557218882E-003
   3.3234076772748690E-003
   3.3436313616740446E-003
   3.3501988509494676E-003
   3.3437343991127820E-003
   3.3249713385839113E-003
   3.2947184870282245E-003
   3.2537596635057041E-003
   3.2027572543010009E-003
   3.1422226854742907E-003
   3.0725590290794275E-003
   2.9941271954954246E-003
   2.9072825315331723E-003
   2.8123703218036187E-003
   2.7097127333813023E-003
   2.5996243325169944E-003
   2.4824568481502918E-003
   2.3586347278354400E-003
   2.2286422928251763E-003
   2.0929649653802945E-003
   1.9520328042116929E-003
   1.8062192415360990E-003
   1.6559028666689075E-003
   1.5015432512655497E-003
   1.3437042820489246E-003
   1.1829982500338996E-003
   1.0199880921448494E-003
   8.5511788455071920E-004
   6.8871503266030145E-004
   5.2104743917044975E-004
   3.5237982773643527E-004
   1.8298769433655281E-004
   1.3137360446879969E-005
  -1.5692260517013551E-004
  -3.2692458738339971E-004
  -4.9651461729247363E-004
  -6.6520965160530676E-004
  -8.3242572584076827E-004
  -9.9756902429521885E-004
  -1.1601291829275229E-003
  -1.3197111159509239E-003
  -1.4759921062297214E-003
  -1.6286501288511972E-003
  -1.7773259602058061E-003
  -1.9216435396207606E-003
  -2.0612563442365191E-003
  -2.1958629159075341E-003
  -2.3251633235063843E-003
  -2.4487844920562884E-003
  -2.5662360828386343E-003
  -2.6769388230906579E-003
  -2.7803089862608859E-003
  -2.8758360317317632E-003
  -2.9630964942464490E-003
  -3.0417008503841841E-003
  -3.1112238165323966E-003
  -3.1711760155280827E-003
  -3.2210324315576988E-003
  -3.2602812629924098E-003
  -3.2884429603017465E-003
  -3.3050440240878238E-003
  -3.3095782915033459E-003
  -3.3015024679013487E-003
  -3.2802781986751403E-003
  -3.2454227452256910E-003
  -3.1965128347990748E-003
  -3.1331192177149678E-003
  -3.0547035486760800E-003
  -2.9605375827355500E-003
  -2.8496875574956369E-003
  -2.7210661854734542E-003
  -2.5735269728104715E-003
  -2.4059720157477349E-003
  -2.2174474842712303E-003
  -2.0071971824925120E-003
  -1.7746473563612873E-003
  -1.5193247959425379E-003
  -1.2407549070297705E-003
  -9.3840724331776778E-004
  -6.1172505205451459E-004
  -2.6021137105775450E-004
   1.1649853457931732E-004
   5.1862959804911571E-004
   9.4630866358962496E-004
   1.3995847964211638E-003
   1.8783665437967310E-003
   2.3822843309022944E-003
   2.9105569491464970E-003
   3.4619488690085195E-003
   4.0348414881495485E-003
   4.6273616429569888E-003
   5.2374809009088936E-003
   5.8630358664338213E-003
   6.5016801529924218E-003
   7.1508089726952002E-003
   7.8074888907987841E-003
   8.4684148618778491E-003
   9.1299279207127416E-003
   9.7881322957832865E-003
   1.0439110869787162E-002
   1.1079166699416710E-002
   1.1704982497159205E-002
   1.2313637815020963E-002
   1.2902524818385261E-002
   1.3469270024737811E-002
   1.4011740779092908E-002
   1.4528120059449815E-002
   1.5016961708032541E-002
   1.5477155842602629E-002
   1.5907822165090395E-002
   1.6308223863187567E-002
   1.6677786714665955E-002
   1.7016223959266726E-002
   1.7323682672289203E-002
   1.7600812049346711E-002
   1.7848708394165552E-002
   1.8068754135757550E-002
   1.8262388790139871E-002
   1.8430843667216357E-002
   1.8574886666829819E-002
   1.8694662134134291E-002
   1.8789720026139954E-002
   1.8859266152392695E-002
   1.8902557192629389E-002
   1.8919285215125033E-002
   1.8909803657791789E-002
   1.8875133284231047E-002
   1.8816787739942969E-002
   1.8736507242747766E-002
   1.8635977488742995E-002
   1.8516588204012849E-002
   1.8379287672373578E-002
   1.8224588645516900E-002
   1.8052729909893733E-002
   1.7863908219176078E-002
   1.7658443795932063E-002
   1.7436790738711270E-002
   1.7199424464672583E-002
   1.6946731095348423E-002
   1.6679006194836352E-002
   1.6396558880932766E-002
   1.6099814981321764E-002
   1.5789313733503414E-002
   1.5465594087530054E-002
   1.5129071749011652E-002
   1.4780016220425404E-002
   1.4418640363078269E-002
   1.4045206515287199E-002
   1.3660038315144707E-002
   1.3263422976563778E-002
   1.2855506000624378E-002
   1.2436307892485990E-002
   1.2005902186635177E-002
   1.1564665997019850E-002
   1.1113457601007747E-002
   1.0653625181717233E-002
   1.0186844685515093E-002
   9.7148410387091523E-003
   9.2390531131086220E-003
   8.7603093892093444E-003
   8.2786144620081107E-003
   7.7931612588045384E-003
   7.3026224777547472E-003
   6.8056485327703054E-003
   6.3013893937767674E-003
   5.7898426951779177E-003
   5.2719194687422706E-003
   4.7492451226198830E-003
   4.2237919137068022E-003
   3.6974434676866610E-003
   3.1715710038323318E-003
   2.6467091026382327E-003
   2.1224408670273216E-003
   1.5975737466939143E-003
   1.0705823488238878E-003
   5.4016796230191722E-004
