  -2.7937377726561935E-004
  -5.4300535619401322E-003
  -1.0170943447759047E-002
  -1.4287997540671667E-002
  -1.8273870027035531E-002
  -2.2495288071140887E-002
  -2.7237346914018815E-002
  -3.2548920421480068E-002
  -3.7775701088793842E-002
  -4.2509087342599727E-002
  -4.7033209741417822E-002
  -5.1623018584322909E-002
  -5.6612703586607589E-002
  -6.2125042610694139E-002
  -6.7528569577508954E-002
  -7.2404397395332248E-002
  -7.6961188171929679E-002
  -8.1273848195100251E-002
  -8.5584971860569042E-002
  -9.0302910852486290E-002
  -9.5129380183496079E-002
  -9.9705216816942180E-002
 -0.10427661209064118     
 -0.10889899464034669     
 -0.11352819842420575     
 -0.11838623849330757     
 -0.12328784949921390     
 -0.12798776270873841     
 -0.13271691513797612     
 -0.13732140752283067     
 -0.14141754658408007     
 -0.14529057806379431     
 -0.14934738186538926     
 -0.15382368231734961     
 -0.15900062623532846     
 -0.16449401708260286     
 -0.16956749793960146     
 -0.17424795814039423     
 -0.17874574598194903     
 -0.18303540745844499     
 -0.18754997134795276     
 -0.19253319785070794     
 -0.19745352879813599     
 -0.20217898894289238     
 -0.20702419347076062     
 -0.21171258266287490     
 -0.21599474335866109     
 -0.22011414413628072     
 -0.22397506751640739     
 -0.22745103412157563     
 -0.23095521578207162     
 -0.23486672936004710     
 -0.23948020027349462     
 -0.24492236941145196     
 -0.25060211384271519     
 -0.25598822481848377     
 -0.26118343756080281     
 -0.26607295215772497     
 -0.27046180768720629     
 -0.27461559212161363     
 -0.27856159013282450     
 -0.28216149663539869     
 -0.28571094567324634     
 -0.28935067695564376     
 -0.29308899857574389     
 -0.29732253538143794     
 -0.30201437865807373     
 -0.30660194254564804     
 -0.31113471445787305     
 -0.31584807393402298     
 -0.32040412922996364     
 -0.32474597508013164     
 -0.32917240221938648     
 -0.33351342132659367     
 -0.33767130691496927     
 -0.34191853592464438     
 -0.34615113068544417     
 -0.35023571055755409     
 -0.35439970099951218     
 -0.35857284893822600     
 -0.36260965684128699     
 -0.36669161440982018     
 -0.37075992466478613     
 -0.37466744157733917     
 -0.37854440833699171     
 -0.38232585913239125     
 -0.38590935667080084     
 -0.38947325788955178     
 -0.39318125995186082     
 -0.39732414926592907     
 -0.40222259219275441     
 -0.40761759619663496     
 -0.41277003666747658     
 -0.41715586818917383     
 -0.42093370594718649     
 -0.42449709677861813     
 -0.42798502974804942     
 -0.43156504153979286     
 -0.43529947275344344     
 -0.43902737099238892     
 -0.44281245828099358     
 -0.44670483739818678     
 -0.45060710611992572     
 -0.45471907104797887     
 -0.45906703822854000     
 -0.46325066432403939     
 -0.46730306330006505     
 -0.47147906561510444     
 -0.47544184254351518     
 -0.47894423645929485     
 -0.48231858704236868     
 -0.48571673364772794     
 -0.48914485916808847     
 -0.49287736643085894     
 -0.49694574775312178     
 -0.50118704484400300     
 -0.50568322549809885     
 -0.51023458942317079     
 -0.51433421773324639     
 -0.51792244659010633     
 -0.52122018092450129     
 -0.52440805540597624     
 -0.52777061999962727     
 -0.53136534735004415     
 -0.53503982973656972     
 -0.53889976684318730     
 -0.54293372772171966     
 -0.54685773256819881     
 -0.55070269428472696     
 -0.55459130481643915     
 -0.55836193024167113     
 -0.56201763869299282     
 -0.56569504399223125     
 -0.56935824841489657     
 -0.57311320008844946     
 -0.57706278634335162     
 -0.58096620944221455     
 -0.58472787592822573     
 -0.58848378866704376     
 -0.59209504077430197     
 -0.59542451911125116     
 -0.59866179834051214     
 -0.60197638479468696     
 -0.60546684687504748     
 -0.60916542525990547     
 -0.61283352258520951     
 -0.61628793144481675     
 -0.61962711071779675     
 -0.62296185626735567     
 -0.62639086885178963     
 -0.62992839131417466     
 -0.63337746035843856     
 -0.63665179692806850     
 -0.63986371210470483     
 -0.64310222601431821     
 -0.64645092560160433     
 -0.64988181287150903     
 -0.65321015589317855     
 -0.65637892833724765     
 -0.65941988244411420     
 -0.66229219866823086     
 -0.66502007344529113     
 -0.66765129976807280     
 -0.67016667157115717     
 -0.67260315629063616     
 -0.67501770504993586     
 -0.67741656490872826     
 -0.67977945177324695     
 -0.68201267471404770     
 -0.68402225213638668     
 -0.68579995300498497     
 -0.68733651147810415     
 -0.68861283917929894     
 -0.68962954913179053     
 -0.69036517790683660     
 -0.69079332834291551     
 -0.69088063200963812     
 -0.69057754768009061     
 -0.68985579383640794     
 -0.68867206937886893     
 -0.68699907140255356     
 -0.68490097795432214     
 -0.68242899648965083     
 -0.67957834186099986     
 -0.67633085362084111     
 -0.67261605326662954     
 -0.66840843678548090     
 -0.66374123538905394     
 -0.65856311501292841     
 -0.65287462806779961     
 -0.64675580576782699     
 -0.64017844468997964     
 -0.63320936544407747     
 -0.62608233264886493     
 -0.61885523376233909     
 -0.61147458025994683     
 -0.60392828097615714     
 -0.59610953500179997     
 -0.58805227581509922     
 -0.58002569360766221     
 -0.57210145736944573     
 -0.56422345348172653     
 -0.55644679437991640     
 -0.54866730549493625     
 -0.54077144542715339     
 -0.53294909378120836     
 -0.52528170338320990     
 -0.51764096831057205     
 -0.51006884156613652     
 -0.50257246785159382     
 -0.49503888780040750     
 -0.48757509979709124     
 -0.48023922832365662     
 -0.47286923563515032     
 -0.46554766732570441     
 -0.45844584573818287     
 -0.45143487680780131     
 -0.44447841024285556     
 -0.43771231590994403     
 -0.43105215312615125     
 -0.42444222522783870     
 -0.41800959273810767     
 -0.41171785363769181     
 -0.40551841020088869     
 -0.39950218965765916     
 -0.39362656746012203     
 -0.38779488368112036     
 -0.38191415645168758     
 -0.37576484304956881     
 -0.36929046958946860     
 -0.36279148573936809     
 -0.35666465739496361     
 -0.35102536998459438     
 -0.34565953598936722     
 -0.34042530126124571     
 -0.33528309522079047     
 -0.33011551378740278     
 -0.32495657743139184     
 -0.31988946838949439     
 -0.31481485529858272     
 -0.30975957184567648     
 -0.30482637821817915     
 -0.29989633402819738     
 -0.29495492199254181     
 -0.29013386277884712     
 -0.28532108915616505     
 -0.28044983354131214     
 -0.27571256445362169     
 -0.27107771382937962     
 -0.26639566767582157     
 -0.26187144309001886     
 -0.25766350774689489     
 -0.25357792040344551     
 -0.24954408163203462     
 -0.24560094979598870     
 -0.24157474562744985     
 -0.23743270860002774     
 -0.23334980363525393     
 -0.22925895715913341     
 -0.22509492581185081     
 -0.22109496954121005     
 -0.21731702644842688     
 -0.21355169114742889     
 -0.20974618739633583     
 -0.20587935532716750     
 -0.20189173064393517     
 -0.19799232046045251     
 -0.19441121584828280     
 -0.19108867873821492     
 -0.18789012067787580     
 -0.18466007318532079     
 -0.18125243550671855     
 -0.17768436850857006     
 -0.17397944703796597     
 -0.17020230205999015     
 -0.16661687688774002     
 -0.16337456424988572     
 -0.16037807721135006     
 -0.15746169739186849     
 -0.15443391742040041     
 -0.15121669864359250     
 -0.14784775936127276     
 -0.14435229025225715     
 -0.14090818722759241     
 -0.13775572596829683     
 -0.13489866708962445     
 -0.13218926793277519     
 -0.12943624992885205     
 -0.12649901105763550     
 -0.12339195163239458     
 -0.12014267987776761     
 -0.11685273964621834     
 -0.11377501911068189     
 -0.11101106042814968     
 -0.10844938342548699     
 -0.10591058351446897     
 -0.10321096450043193     
 -0.10031338467060102     
  -9.7251380771829155E-002
  -9.4051006165833728E-002
  -9.0901579242806507E-002
  -8.7974953609815276E-002
  -8.5213755997302798E-002
  -8.2486576663357292E-002
  -7.9654931001755691E-002
  -7.6713873791254605E-002
  -7.3885422159178649E-002
  -7.1296316505150392E-002
  -6.8881324983214032E-002
  -6.6523070108080784E-002
  -6.4063180805307485E-002
  -6.1506063712275072E-002
  -5.9002860228532406E-002
  -5.6516019233886272E-002
  -5.3935424976724489E-002
  -5.1238551634154694E-002
  -4.8373289791246665E-002
  -4.5432943082425292E-002
  -4.2653558738683428E-002
  -4.0059225564620327E-002
  -3.7523571616818185E-002
  -3.4930537899268199E-002
  -3.2182739410928141E-002
  -2.9392892982569085E-002
  -2.6761824736711848E-002
  -2.4268583863906734E-002
  -2.1791920793158698E-002
  -1.9209716070759275E-002
  -1.6459863384902934E-002
  -1.3726731649079726E-002
  -1.1203774078405088E-002
  -8.8511297643362463E-003
  -6.5547588835727366E-003
  -4.1433335458530840E-003
  -1.5020386288917553E-003
   1.2247390064177854E-003
   3.9312945390038989E-003
   6.6589280256807437E-003
   9.2789686108243064E-003
   1.1669731519821674E-002
   1.3968431355977390E-002
   1.6338610303148343E-002
   1.8891434119670675E-002
   2.1644738379509171E-002
   2.4385227264474146E-002
   2.6955046237059022E-002
   2.9435173707309276E-002
   3.1946379000174191E-002
   3.4608490838668182E-002
   3.7414686114389001E-002
   4.0153815441260454E-002
   4.2743759739346271E-002
   4.5292317550617939E-002
   4.7915817503984742E-002
   5.0735552701491632E-002
   5.3692285571415477E-002
   5.6548704729520005E-002
   5.9242423524285714E-002
   6.1824037769980800E-002
   6.4321555853641743E-002
   6.6852637566782835E-002
   6.9422344525994301E-002
   7.1880093202590811E-002
   7.4257077020013218E-002
   7.6712566855179271E-002
   7.9358069539711196E-002
   8.2239269702606310E-002
   8.5195217130850875E-002
   8.8027387511082883E-002
   9.0777932116739346E-002
   9.3586629304721225E-002
   9.6580957417138236E-002
   9.9781607381187035E-002
  0.10298975330884416     
  0.10604940003654115     
  0.10894309322479301     
  0.11163548196760462     
  0.11419870970107472     
  0.11682683931017904     
  0.11969067629648816     
  0.12286572640927260     
  0.12619378689399449     
  0.12944351899777690     
  0.13254829563757203     
  0.13547308120551255     
  0.13823960674215771     
  0.14101963549401730     
  0.14399891880995414     
  0.14729353935949313     
  0.15081096884477160     
  0.15430141423969157     
  0.15765396947018318     
  0.16083884266556009     
  0.16384696125532844     
  0.16682105003007375     
  0.16995568504778141     
  0.17339535546560381     
  0.17711589388150478     
  0.18087439362413654     
  0.18451011563980116     
  0.18799576580075458     
  0.19130239221641054     
  0.19453401265489426     
  0.19789171361253230     
  0.20154569901006836     
  0.20555978799991001     
  0.20974709209584091     
  0.21389423471953919     
  0.21796685764600274     
  0.22191223614310934     
  0.22570754030493750     
  0.22941669275098622     
  0.23303422705557994     
  0.23662403139714988     
  0.24036574234270003     
  0.24441347530560190     
  0.24887637296831061     
  0.25363352485902180     
  0.25840815081727703     
  0.26313139071970743     
  0.26779240128833742     
  0.27231582708532964     
  0.27676782937337674     
  0.28118701846919347     
  0.28553136562317682     
  0.28990179018796813     
  0.29436980632167831     
  0.29896798781437617     
  0.30385917403292972     
  0.30900578787068783     
  0.31418387078121235     
  0.31943098256657032     
  0.32480813228198741     
  0.33016919361379027     
  0.33553883073602730     
  0.34101405778936322     
  0.34649504717192292     
  0.35199733846485137     
  0.35761761234184647     
  0.36326902828849394     
  0.36895650142961067     
  0.37476892694389785     
  0.38062937276971942     
  0.38654729245600000     
  0.39261176523882146     
  0.39876508905093599     
  0.40504098199964561     
  0.41153467778543884     
  0.41820666857283895     
  0.42510166778262881     
  0.43219162433040959     
  0.43914836957533532     
  0.44580847627308634     
  0.45230573885736219     
  0.45876344422667198     
  0.46535540019854099     
  0.47219974853086960     
  0.47922994130795882     
  0.48649070025810803     
  0.49403632386611762     
  0.50175628599324507     
  0.50965809050324085     
  0.51771491159270200     
  0.52566835627559227     
  0.53344031472557174     
  0.54116655128750912     
  0.54893978505591967     
  0.55687182979881500     
  0.56491241801766789     
  0.57280621024064293     
  0.58049438321061686     
  0.58807677334426334     
  0.59563348578157660     
  0.60327334838104985     
  0.61096666979365666     
  0.61860380197253673     
  0.62616891569110011     
  0.63350638085152366     
  0.64039184312060582     
  0.64681449370626032     
  0.65277892845864360     
  0.65824058263314811     
  0.66327625291250825     
  0.66795747234052438     
  0.67230336337401808     
  0.67631615226880171     
  0.67987822370075279     
  0.68288780886227796     
  0.68537855283215976     
  0.68736582231702381     
  0.68885507202502683     
  0.68990681880028470     
  0.69054930216917909     
  0.69080021038634487     
  0.69070225949674457     
  0.69027747018507613     
  0.68955187696149434     
  0.68855292765499798     
  0.68729549098108600     
  0.68580744586821085     
  0.68409024402479246     
  0.68214023234770926     
  0.67998547841073931     
  0.67761941220951272     
  0.67507133729489244     
  0.67246904851636868     
  0.66988546421138917     
  0.66731816335466809     
  0.66474220931833394     
  0.66207944995992851     
  0.65930859120390628     
  0.65644540234891291     
  0.65342235778266911     
  0.65023752428370019     
  0.64693026072223214     
  0.64345664469057029     
  0.63991446330089430     
  0.63649501070927528     
  0.63318782695700904     
  0.62990267175640624     
  0.62654236943903396     
  0.62299728901678830     
  0.61940468149596695     
  0.61598811446443535     
  0.61273141003720699     
  0.60954452407449278     
  0.60628180236535911     
  0.60276484140393527     
  0.59909863793323848     
  0.59541446279785371     
  0.59159898273332989     
  0.58773173627162789     
  0.58402832886091416     
  0.58040750630940596     
  0.57677432492621905     
  0.57314062499305451     
  0.56939179098723380     
  0.56555210175068238     
  0.56173624579772485     
  0.55782950651695573     
  0.55386915046511975     
  0.55008572054859672     
  0.54644980243234298     
  0.54293655342010672     
  0.53965485942930869     
  0.53645807507411880     
  0.53308932489746608     
  0.52934619314505593     
  0.52512946304769048     
  0.52074830590910082     
  0.51656990792597679     
  0.51262529005080526     
  0.50898308223625999     
  0.50566919535223909     
  0.50240563028178264     
  0.49889841968275983     
  0.49489735702183368     
  0.49038289318899758     
  0.48576723780741754     
  0.48129776220299147     
  0.47694987291768809     
  0.47286664947040991     
  0.46906562881346647     
  0.46542671370028177     
  0.46204963713028979     
  0.45890085107655720     
  0.45578878715208160     
  0.45258255909930023     
  0.44888714818391517     
  0.44453355473875233     
  0.44015362316474638     
  0.43608472108964014     
  0.43185566695849598     
  0.42744517733453768     
  0.42333529795594760     
  0.41934401432149049     
  0.41513618546655773     
  0.41105150168375582     
  0.40717753719677030     
  0.40310779303688093     
  0.39898472332026036     
  0.39509189624219387     
  0.39108676112466362     
  0.38689581968025649     
  0.38289801604379681     
  0.37890313868613701     
  0.37463688734593381     
  0.37046419065975578     
  0.36641723367702600     
  0.36208490878760968     
  0.35769475934455025     
  0.35355156361844930     
  0.34925414981192893     
  0.34475489808529386     
  0.34055339529981704     
  0.33651914197729604     
  0.33231843285572249     
  0.32823171657437367     
  0.32431194919676481     
  0.32026433016400624     
  0.31624537278756226     
  0.31230729254818812     
  0.30814360673000490     
  0.30391840103101420     
  0.29981579239014111     
  0.29552990885332048     
  0.29113743685725829     
  0.28690691333726775     
  0.28254257235877267     
  0.27798706391687333     
  0.27357488497064458     
  0.26906911745908890     
  0.26426259623971426     
  0.25958792684501042     
  0.25502833506217704     
  0.25020252047793073     
  0.24550426740272263     
  0.24130612184261646     
  0.23713860901932138     
  0.23273005943344022     
  0.22814804574004660     
  0.22312347587239439     
  0.21782812033246921     
  0.21303894699298601     
  0.20893792362772823     
  0.20522652375811326     
  0.20167025437654393     
  0.19783811429562842     
  0.19357864946925410     
  0.18914208288553230     
  0.18437890590257081     
  0.17923872969029178     
  0.17421047892824282     
  0.16933081994936050     
  0.16435666542700592     
  0.15954837392187718     
  0.15497947678735291     
  0.15041574100105504     
  0.14591962621691743     
  0.14136928039971758     
  0.13658215875133031     
  0.13197748924473368     
  0.12772573830882317     
  0.12340039246185269     
  0.11883155539798176     
  0.11391635969678003     
  0.10857189533464784     
  0.10339513554273083     
   9.8935520922154421E-002
   9.5014558113423700E-002
   9.1292931581135647E-002
   8.7341773002025530E-002
   8.2804541160589815E-002
   7.7780975096903154E-002
   7.2299409361968645E-002
   6.6462224173089390E-002
   6.0927119247885436E-002
   5.6023305447436583E-002
   5.1452992930057478E-002
   4.6893151805411204E-002
   4.1967855643262580E-002
   3.6692308743127733E-002
   3.1730880208931223E-002
   2.7366829245861368E-002
   2.3352814940113709E-002
   1.9385890605878892E-002
   1.4940863473374699E-002
   9.8911563821247606E-003
   4.7837242085068121E-003

