-0.80292329628085612     
 -0.80288398860016286     
 -0.80280533146245525     
 -0.80270878761905973     
 -0.80260877204880710     
 -0.80250460761346654     
 -0.80238130476650660     
 -0.80221853315925928     
 -0.80200096317455694     
 -0.80172223677141274     
 -0.80138057314127786     
 -0.80097156909938694     
 -0.80048579257252728     
 -0.79991393172822822     
 -0.79925509968154995     
 -0.79852086779841536     
 -0.79773132680244196     
 -0.79690628111957829     
 -0.79605783205428104     
 -0.79518864746591655     
 -0.79429539147131212     
 -0.79337313129684495     
 -0.79241707603377765     
 -0.79142195187890818     
 -0.79038155769571339     
 -0.78929025541156905     
 -0.78814603326140498     
 -0.78695340771595623     
 -0.78572426504510195     
 -0.78447581404814859     
 -0.78322497291789761     
 -0.78198017130631159     
 -0.78073448197816986     
 -0.77946538807004340     
 -0.77814309913480251     
 -0.77674330985572881     
 -0.77525654402565025     
 -0.77368823472220771     
 -0.77205073579036809     
 -0.77035342499854864     
 -0.76859719398262405     
 -0.76677583672797645     
 -0.76488231230313841     
 -0.76291520987974182     
 -0.76088246647792579     
 -0.75880220952515598     
 -0.75670101220999064     
 -0.75460920465328429     
 -0.75255348595210170     
 -0.75054785979798977     
 -0.74858532772884423     
 -0.74663446404064826     
 -0.74464471802548582     
 -0.74256019413348950     
 -0.74033642399792088     
 -0.73795235769114431     
 -0.73541345831069016     
 -0.73274698764386992     
 -0.72999350460303525     
 -0.72719777401825680     
 -0.72440081053898919     
 -0.72163365639483612     
 -0.71891263022076657     
 -0.71623676422682403     
 -0.71358860124967760     
 -0.71093908594832544     
 -0.70825560374433216     
 -0.70551009118964592     
 -0.70268377135772830     
 -0.69976789743186640     
 -0.69676210679191097     
 -0.69367178254873862     
 -0.69050513827973559     
 -0.68727092256931877     
 -0.68397696054427215     
 -0.68062940875270594     
 -0.67723265154735102     
 -0.67378972714704943     
 -0.67030286540095418     
 -0.66677426309003573     
 -0.66320689425265722     
 -0.65960527790466839     
 -0.65597597341686953     
 -0.65232759531943374     
 -0.64866972571374082     
 -0.64501016155838065     
 -0.64135054667155411     
 -0.63768103130626863     
 -0.63397677193353463     
 -0.63019981876582587     
 -0.62630869714559068     
 -0.62227324357319813     
 -0.61808725315323809     
 -0.61377097167126360     
 -0.60936177821866955     
 -0.60489926668104843     
 -0.60041316402907430     
 -0.59591840634375215     
 -0.59141651653050331     
 -0.58689973146022911     
 -0.58235480372385973     
 -0.57776537662856364     
 -0.57311361588697873     
 -0.56838228302734584     
 -0.56355782583364200     
 -0.55863352634206553     
 -0.55361127911316721     
 -0.54850151122117086     
 -0.54332142988047361     
 -0.53809093713546918     
 -0.53282621631798432     
 -0.52753314825272579     
 -0.52220370285877404     
 -0.51681680764758031     
 -0.51134355766893691     
 -0.50575542862828182     
 -0.50003316026291911     
 -0.49417348646335080     
 -0.48819070530214892     
 -0.48211122581779708     
 -0.47596310904638905     
 -0.46976566106100703     
 -0.46352382352002452     
 -0.45722879837046221     
 -0.45086291210768847     
 -0.44440581062135132     
 -0.43783973754221528     
 -0.43115274577357554     
 -0.42433930307903661     
 -0.41739884452071518     
 -0.41033335756664346     
 -0.40314474179745308     
 -0.39583236634489094     
 -0.38839172518647924     
 -0.38081499422059412     
 -0.37309360463629626     
 -0.36522169756263057     
 -0.35719861068172643     
 -0.34902921346723642     
 -0.34072211030156163     
 -0.33228608315669650     
 -0.32372571449727022     
 -0.31503835081115761     
 -0.30621459520375127     
 -0.29724226011693644     
 -0.28811112428085350     
 -0.27881513638070943     
 -0.26935099303656518     
 -0.25971510399843944     
 -0.24990195930804615     
 -0.23990497159091129     
 -0.22971823920095646     
 -0.21933689706403653     
 -0.20875547916248086     
 -0.19796609655237760     
 -0.18695862207355912     
 -0.17572323641767953     
 -0.16425364136067019     
 -0.15254875388943928     
 -0.14061208364080113     
 -0.12844956197355448     
 -0.11606698089828633     
 -0.10346782161913093     
  -9.0651840589191540E-002
  -7.7614523871635671E-002
  -6.4347648408810160E-002
  -5.0841101172597068E-002
  -3.7085671463631238E-002
  -2.3075799741611940E-002
  -8.8111541351236812E-003
   5.7034393517705409E-003
   2.0459152935907644E-002
   3.5444438922393275E-002
   5.0645762504311416E-002
   6.6047601962896468E-002
   8.1631884334936233E-002
   9.7377230293806544E-002
  0.11325844944779931     
  0.12924666831664613     
  0.14531031741054146     
  0.16141680537989367     
  0.17753427361233129     
  0.19363239619225525     
  0.20968174091648389     
  0.22565204241840880     
  0.24151047761187697     
  0.25722081232826355     
  0.27274364307271465     
  0.28803750728084893     
  0.30306072191157302     
  0.31777383996667996     
  0.33214244974261037     
  0.34613967958694425     
  0.35974729732837546     
  0.37295437548120358     
  0.38575412247537422     
  0.39814103543524915     
  0.41011045445639827     
  0.42166068677959012     
  0.43279568148594266     
  0.44352568265247527     
  0.45386518117499219     
  0.46382962308167042     
  0.47343302865753978     
  0.48268761426405493     
  0.49160489902396826     
  0.50019660586979309     
  0.50847434696030613     
  0.51644864069885976     
  0.52412826803925905     
  0.53152037715636080     
  0.53863119521272529     
  0.54546683676748353     
  0.55203407116633263     
  0.55834107460556892     
  0.56439790449979688     
  0.57021622390302429     
  0.57580864081202054     
  0.58118821500268436     
  0.58636824683848698     
  0.59136228689352333     
  0.59618426057112939     
  0.60084823819218691     
  0.60536746809491992     
  0.60975250754848065     
  0.61400858677331227     
  0.61813300969874796     
  0.62211442319820842     
  0.62593580882853406     
  0.62958149089053361     
  0.63304538901059171     
  0.63633575058838665     
  0.63947324674464756     
  0.64248385562861887     
  0.64539110807677580     
  0.64821145121995571     
  0.65095355523348974     
  0.65362019678723948     
  0.65621082732293867     
  0.65872356423862399     
  0.66115631148183596     
  0.66350716473191917     
  0.66577433475597569     
  0.66795599452304744     
  0.67005031945182425     
  0.67205578746346517     
  0.67397179435729249     
  0.67579964399632064     
  0.67754345801689420     
  0.67921081303503383     
  0.68081280479104445     
  0.68236278677324513     
  0.68387353729181388     
  0.68535407304790485     
  0.68680770247507172     
  0.68823206330079856     
  0.68962102313489182     
  0.69096745112873503     
  0.69226579206776673     
  0.69351365644395901     
  0.69471199072365297     
  0.69586350811901121     
  0.69697016809600065     
  0.69803165892688179     
  0.69904641813066604     
  0.70001477447303107     
  0.70094203212817674     
  0.70183884342720204     
  0.70271780791585980     
  0.70358797186500377     
  0.70445053855366735     
  0.70529824645324057     
  0.70611879276495104     
  0.70690068269100104     
  0.70763886199649151     
  0.70833748463877133     
  0.70900816909386255     
  0.70966431941101238     
  0.71031458240362122     
  0.71095900103425103     
  0.71158974923108631     
  0.71219582793732172     
  0.71276924074952919     
  0.71330961073615839     
  0.71382483651898787     
  0.71432722650686209     
  0.71482717994788159     
  0.71532800039242428     
  0.71582471657858848     
  0.71630730277453947     
  0.71676648709799506     
  0.71719915621608332     
  0.71761057418853236     
  0.71801204728336088     
  0.71841507791332226     
  0.71882521372724839     
  0.71923891443435184     
  0.71964486023170859     
  0.72002861759171033     
  0.72037822108050997     
  0.72068802721959391     
  0.72095918771292500     
  0.72119696157741520     
  0.72140721340473102     
  0.72159477126482496     
  0.72176458301606816     
  0.72192390039518683     
  0.72208285437844766     
  0.72225231225488906     
  0.72244057765061087     
  0.72265119320525195     
  0.72288295191031016     
  0.72313104935036732     
  0.72338799073002624     
  0.72364406464564679     
  0.72388841515611935     
  0.72411139182630690     
  0.72430728844751069     
  0.72447569242126719     
  0.72462013356872146     
  0.72474493184688993     
  0.72485264156920937     
  0.72494391397275892     
  0.72501926053492260     
  0.72508053230841429     
  0.72513045899962358     
  0.72517090587982869     
  0.72520200939967649     
  0.72522348703178430     
  0.72523703530373007     
  0.72524729309845837     
  0.72525991450524407     
  0.72527794898288001     
  0.72529934567300702     
  0.72531757061689917     
  0.72532495958835663     
  0.72531664429078702     
  0.72529293096372516     
  0.72525915009155784     
  0.72522303153401835     
  0.72519072161901033     
  0.72516365150516515     
  0.72513830167131110     
  0.72510895777738082     
  0.72507126472549221     
  0.72502383013981198     
  0.72496698432756723     
  0.72490039433292663     
  0.72482200337268354     
  0.72472909831350196     
  0.72461999260069965     
  0.72449423990549477     
  0.72435100658487361     
  0.72418745791669714     
  0.72399922341107892     
  0.72378315304819940     
  0.72354033494036429     
  0.72327710734405193     
  0.72300342858465227     
  0.72273009174133396     
  0.72246654315620829     
  0.72221992287113479     
  0.72199457625050512     
  0.72179104331505706     
  0.72160500770146285     
  0.72142758838358767     
  0.72124780346477413     
  0.72105584022217506     
  0.72084480903575787     
  0.72060981205001018     
  0.72034580534782133     
  0.72004687825268754     
  0.71970832397974427     
  0.71933014377489679     
  0.71891922231326522     
  0.71848817890127148     
  0.71805105824539184     
  0.71761775266232986     
  0.71718988846989151     
  0.71676044942782879     
  0.71631771329287586     
  0.71585154811114271     
  0.71535861338120477     
  0.71484360591628171     
  0.71431610574195070     
  0.71378489489621633     
  0.71325267226883193     
  0.71271402743623979     
  0.71215791684771701     
  0.71157343800492467     
  0.71095556012235728     
  0.71030751790548974     
  0.70963865111209301     
  0.70895903124423953     
  0.70827371035323994     
  0.70757959508504775     
  0.70686677424166233     
  0.70612376675822708     
  0.70534365457171888     
  0.70452754674019846     
  0.70368344199888244     
  0.70282121151070098     
  0.70194629472959646     
  0.70105525711976158     
  0.70013556314570813     
  0.69916998741559255     
  0.69814347127413512     
  0.69704898427347073     
  0.69588986765186978     
  0.69467841346403880     
  0.69343192304815426     
  0.69216770320170917     
  0.69089800025827208     
  0.68962573849447428     
  0.68834217376938212     
  0.68702786905429225     
  0.68565750641886136     
  0.68420715475161376     
  0.68266084965150853     
  0.68101386689154697     
  0.67927205191600093     
  0.67744852915895548     
  0.67555953685943004     
  0.67362052264364314     
  0.67164295102914218     
  0.66963189393936595     
  0.66758468288738437     
  0.66549111215314694     
  0.66333562177023020     
  0.66110091894700251     
  0.65877164826680668     
  0.65633657262852840     
  0.65378896289657562     
  0.65112586333642830     
  0.64834686185790125     
  0.64545279928292554     
  0.64244477273712008     
  0.63932349179269332     
  0.63608889890065989     
  0.63274002019739362     
  0.62927488069661730     
  0.62569033292681464     
  0.62198177183378633     
  0.61814269047970938     
  0.61416409377148951     
  0.61003399837065886     
  0.60573734711483462     
  0.60125679675583088     
  0.59657495762617874     
  0.59167813766001653     
  0.58656057282124252     
  0.58122685758140302     
  0.57569021690390521     
  0.56996645439181071     
  0.56406638461121639     
  0.55799035282253984     
  0.55172670756237763     
  0.54525369052838313     
  0.53854307750108021     
  0.53156423354810278     
  0.52428812513196310     
  0.51669090680721730     
  0.50875651263929389     
  0.50047715133667925     
  0.49185089900477835     
  0.48287723397328453     
  0.47355325217788169     
  0.46387300741591592     
  0.45382984332339910     
  0.44341903863592624     
  0.43263787006927074     
  0.42148279660574683     
  0.40994625420835940     
  0.39801581621546300     
  0.38567673233726857     
  0.37291676110125049     
  0.35973135999118516     
  0.34612750745662801     
  0.33212484556668381     
  0.31775362784459488     
  0.30305043590439562     
  0.28805338373052713     
  0.27279837491963921     
  0.25731746520318971     
  0.24163974742754013     
  0.22579411971693250     
  0.20981228734090179     
  0.19373023137246570     
  0.17758747511023054     
  0.16142487976943737     
  0.14528223800629986     
  0.12919642743753518     
  0.11320043101947458     
   9.7323026054200401E-002
   8.1588947294293002E-002
   6.6019244438684954E-002
   5.0631787068634360E-002
   3.5441842407956836E-002
   2.0462697707163302E-002
   5.7062623685839586E-003
  -8.8164984500525567E-003
  -2.3095559626724549E-002
  -3.7122498314070718E-002
  -5.0891825304635818E-002
  -6.4402640554318991E-002
  -7.7659673072923319E-002
  -9.0672744435991715E-002
 -0.10345438941639756     
 -0.11601656878833272     
 -0.12836785103943971     
 -0.14051194912763643     
 -0.15244765589859310     
 -0.16416983918857686     
 -0.17567127719257730     
 -0.18694515880448187     
 -0.19798783058102393     
 -0.20880092571124725     
 -0.21939164373841805     
 -0.22977063580349266     
 -0.23994868333653740     
 -0.24993461310560591     
 -0.25973597526916803     
 -0.26936153845867394     
 -0.27882283250089207     
 -0.28813256782719676     
 -0.29730064926429600     
 -0.30633063346693412     
 -0.31521918813825045     
 -0.32395876858857248     
 -0.33254164422632082     
 -0.34096327941952703     
 -0.34922410125001802     
 -0.35732927480362964     
 -0.36528646041337964     
 -0.37310265734788789     
 -0.38078187526601504     
 -0.38832472032018767     
 -0.39572978419782850     
 -0.40299602526126743     
 -0.41012531206027592     
 -0.41712462988773635     
 -0.42400711269168911     
 -0.43079091922780516     
 -0.43749557449042725     
 -0.44413653294231697     
 -0.45071952018646183     
 -0.45723734236680663     
 -0.46367186823536455     
 -0.47000168030147671     
 -0.47621219067996778     
 -0.48230296763795971     
 -0.48828823906886754     
 -0.49419053487360359     
 -0.50003033849234924     
 -0.50581605252076733     
 -0.51153879289911375     
 -0.51717482763940326     
 -0.52269497054244163     
 -0.52807631244201869     
 -0.53331073052360201     
 -0.53840737699483221     
 -0.54339000857049669     
 -0.54829158086215835     
 -0.55314804511800109     
 -0.55799205386098638     
 -0.56284678658539500     
 -0.56772053574055770     
 -0.57260411768696939     
 -0.57747350864921621     
 -0.58229799949083660     
 -0.58705007834480694     
 -0.59171169548592939     
 -0.59627496870963803     
 -0.60074000722751053     
 -0.60511243339120790     
 -0.60940091437008903     
 -0.61361488803530340     
 -0.61776323528447563     
 -0.62185357504960359     
 -0.62589176271733449     
 -0.62988184865865493     
 -0.63382638520147450     
 -0.63772650949027887     
 -0.64158205896050813     
 -0.64539184552841289     
 -0.64915375456025215     
 -0.65286467826980410     
 -0.65652086831347378     
 -0.66011822223812455     
 -0.66365259411861655     
 -0.66712050049751015     
 -0.67052004307101731     
 -0.67385155312887068     
 -0.67711821086345259     
 -0.68032661441644049     
 -0.68348608032374336     
 -0.68660697036267859     
 -0.68969913282707340     
 -0.69277086071519267     
 -0.69582797430043652     
 -0.69887319813841720     
 -0.70190603678675956     
 -0.70492327174070368     
 -0.70791999747760104     
 -0.71089071368286083     
 -0.71382988848592610     
 -0.71673216181823340     
 -0.71959223377437764     
 -0.72240443697053813     
 -0.72516237632510694     
 -0.72785904650185862     
 -0.73048734335003673     
 -0.73304121594705551     
 -0.73551731391317110     
 -0.73791642979377092     
 -0.74024396482670418     
 -0.74250911308461509     
 -0.74472168663327687     
 -0.74688670545626146     
 -0.74900044355653095     
 -0.75105189669433059     
 -0.75303051022394274     
 -0.75493645352379957     
 -0.75678701076995814     
 -0.75861370948032147     
 -0.76045076432112757     
 -0.76232136117841598     
 -0.76422918300142284     
 -0.76615829670910318     
 -0.76807965089587660     
 -0.76996015792115691     
 -0.77177116791514033     
 -0.77349421465694912     
 -0.77512288813391517     
 -0.77666120755641244     
 -0.77812027923626514     
 -0.77951433157249472     
 -0.78085691011457625     
 -0.78215825695931696     
 -0.78342497267185440     
 -0.78466154610205763     
 -0.78587167222128351     
 -0.78705702684114687     
 -0.78821396193012627     
 -0.78933218162399343     
 -0.79039893039939568     
 -0.79140801482899792     
 -0.79236789058345991     
 -0.79330203658665965     
 -0.79423913904241061     
 -0.79519803692722879     
 -0.79617615430354105     
 -0.79714773290930752     
 -0.79807227112495105     
 -0.79890882942691643     
 -0.79962984675275517     
 -0.80022854654700537     
 -0.80071652988080066     
 -0.80111364828838982     
 -0.80143745522823884     
 -0.80169950783994048     
 -0.80190964060175873     
 -0.80208225533736832     
 -0.80223688301935403     
 -0.80239089424049426     
 -0.80254979806092797     
 -0.80270306588394336     
 -0.80282911273682911     
 -0.80290629885017673     

