   1.0000000e+00
   2.0000000e+00
   3.0000000e+00
   4.0000000e+00
   5.0000000e+00
   6.0000000e+00
   7.0000000e+00
   8.0000000e+00
   9.0000000e+00
   1.0000000e+01
   1.1000000e+01
   1.2000000e+01
   1.3000000e+01
   1.4000000e+01
   1.5000000e+01
   2.1000000e+01
   2.3000000e+01
   2.9000000e+01
   3.1000000e+01
   4.0000000e+01
   4.1000000e+01
   5.3000000e+01
   5.4000000e+01
   6.9000000e+01
   7.7000000e+01
   9.1000000e+01
   1.0200000e+02
   1.1400000e+02
   1.2800000e+02
   1.3500000e+02
   1.5400000e+02
   1.5900000e+02
   1.7100000e+02
   1.8200000e+02
   1.9300000e+02
   1.9700000e+02
   2.0800000e+02
   2.1200000e+02
   2.2200000e+02
   2.2300000e+02
   2.3400000e+02
   2.3500000e+02
   2.4000000e+02
   2.4200000e+02
   2.4600000e+02
   2.4900000e+02
   2.5100000e+02
   2.5200000e+02
   2.5300000e+02
   2.5400000e+02
   2.5500000e+02
   2.5600000e+02
   2.5700000e+02
   2.5800000e+02
   2.5900000e+02
