   6.8005557e-01  -1.2475176e-02
   6.8034951e-01   3.1273499e-02
   6.8128604e-01  -5.9897940e-02
   6.8238092e-01   8.1354277e-02
   6.8381365e-01  -1.0272179e-01
   6.8582556e-01   1.2654222e-01
   6.8800553e-01  -1.4781478e-01
   6.9176262e-01   1.7808057e-01
   6.9369072e-01  -1.9152008e-01
   6.9913576e-01   2.2442839e-01
   7.0117667e-01  -2.3531165e-01
   7.1019508e-01   2.7690098e-01
   7.1101758e-01  -2.8027285e-01
   7.2333283e-01   3.2472683e-01
   7.2334157e-01  -3.2475498e-01
   7.2436241e-01   4.9151744e-02
   7.2464675e-01  -4.6333588e-02
   7.3030624e-01  -1.4025360e-01
   7.3048865e-01   1.4387796e-01
   7.3691612e-01   1.3447870e-03
   7.3804331e-01  -3.6698088e-01
   7.3994651e-01   9.5248688e-02
   7.4076062e-01   3.7382500e-01
   7.4135706e-01  -9.2571581e-02
   7.4320687e-01  -2.3020061e-01
   7.4427852e-01   2.3965069e-01
   7.4903468e-01   1.8917387e-01
   7.5095143e-01  -1.8419770e-01
   7.5882225e-01  -4.1350308e-01
   7.6040681e-01  -2.7871564e-01
   7.6063455e-01   4.1700291e-01
   7.6452668e-01   2.8556851e-01
   7.7276707e-01   4.5863557e-02
   7.7330291e-01  -4.5337723e-02
   7.7469983e-01   3.4289170e-01
   7.7816791e-01   1.3749783e-01
   7.7964958e-01  -1.3637394e-01
   7.8253366e-01  -3.2175574e-01
   7.8325700e-01  -3.6597365e-01
   7.8437916e-01   4.5648889e-01
   7.8437929e-01  -4.5648894e-01
   7.8883507e-01   2.2922913e-01
   7.8961355e-01  -2.2933095e-01
   7.9521313e-01  -6.0445435e-04
   7.9738992e-01   8.9576002e-02
   7.9892764e-01  -9.0659430e-02
   7.9895139e-01   3.9299281e-01
   8.0493988e-01   1.7998180e-01
   8.0630787e-01  -1.8200472e-01
   8.0714684e-01   3.0949415e-01
   8.0908676e-01  -4.0936997e-01
   8.1296609e-01  -2.7548328e-01
   8.1858606e-01  -4.9731283e-01
   8.1884558e-01   4.9756497e-01
   8.2019382e-01   2.6520178e-01
   8.2654897e-01   4.2800502e-02
   8.2682015e-01   4.3860899e-01
   8.2723920e-01  -4.5941964e-02
   8.2973281e-01   3.5445677e-01
   8.2999593e-01  -3.6186557e-01
   8.3102701e-01   1.3162755e-01
   8.3236587e-01  -1.3579730e-01
   8.3437107e-01  -4.5317539e-01
   8.3987172e-01  -2.2757871e-01
   8.4056542e-01  -3.1758551e-01
   8.4194995e-01   2.1839449e-01
   8.5281025e-01  -2.4107841e-03
   8.5456963e-01   8.5447077e-02
   8.5505996e-01  -5.2592698e-01
   8.5521042e-01   3.9836011e-01
   8.5553974e-01  -9.0912710e-02
   8.5695944e-01   3.0867744e-01
   8.5864260e-01   4.8012723e-01
   8.5923034e-01  -4.1078457e-01
   8.6117744e-01  -1.8121369e-01
   8.6167512e-01   1.7268205e-01
   8.6626744e-01   5.3228256e-01
   8.6720313e-01  -2.7275256e-01
   8.7368579e-01   2.6223407e-01
   8.7524799e-01  -4.6913122e-01
   8.7861739e-01  -3.6389506e-01
   8.8255194e-01   4.0226902e-02
   8.8295134e-01  -4.7159967e-02
   8.8298585e-01   3.5462491e-01
   8.8357174e-01   4.4200886e-01
   8.8660931e-01   1.2712421e-01
   8.8668724e-01  -1.3587857e-01
   8.9257435e-01  -2.2668060e-01
   8.9515096e-01   2.1615977e-01
   8.9553645e-01  -3.1824902e-01
   9.0015019e-01  -5.4571231e-01
   9.0381213e-01  -4.1669748e-01
   9.0440059e-01   4.9721179e-01
   9.0729433e-01   3.0846185e-01
   9.0783421e-01  -5.0313603e-01
   9.0963575e-01   4.0029370e-01
   9.1010253e-01  -4.3142980e-03
   9.1180555e-01   8.2337563e-02
   9.1196270e-01  -9.1721433e-02
   9.1595692e-01  -1.8104825e-01
   9.1696837e-01   1.7047801e-01
   9.1974888e-01   5.4996206e-01
   9.2066441e-01  -2.7315965e-01
   9.2611614e-01   2.6244039e-01
   9.2727172e-01  -3.6694874e-01
   9.3010706e-01  -4.5748494e-01
   9.3217809e-01   4.5209224e-01
   9.3531377e-01   3.5603724e-01
   9.3936112e-01   3.7910148e-02
   9.3945655e-01  -4.8580536e-02
   9.4185113e-01  -1.3642348e-01
   9.4215343e-01   1.2532454e-01
   9.4563033e-01  -2.2699225e-01
   9.4704937e-01  -5.5209216e-01
   9.4769616e-01   2.1612330e-01
   9.4881967e-01  -3.2070032e-01
   9.5122834e-01   5.0376966e-01
   9.5634511e-01  -4.1079213e-01
   9.5700255e-01  -5.0381339e-01
   9.5793878e-01   3.1095143e-01
   9.5968275e-01   4.0627198e-01
   9.6734123e-01  -6.1268769e-03
   9.6838069e-01   8.0463780e-02
   9.6848920e-01  -9.2768685e-02
   9.7063030e-01  -1.8174966e-01
   9.7120181e-01   1.7018021e-01
   9.7300815e-01  -2.7391495e-01
   9.7571977e-01   5.4999137e-01
   9.7723239e-01   2.6414493e-01
   9.8078870e-01  -3.6691332e-01
   9.8172258e-01   4.5582005e-01
   9.8250197e-01  -4.5575669e-01
   9.8599131e-01   3.6221106e-01
   9.9618508e-01   3.6240175e-02
   9.9627926e-01  -5.4593386e-01
   9.9636867e-01  -4.9983560e-02
   9.9698199e-01   1.2418530e-01
   9.9728555e-01  -1.3737509e-01
   9.9896617e-01  -2.2793291e-01
   9.9942243e-01   2.1732600e-01
   1.0003402e+00   5.0268963e-01
   1.0018491e+00  -3.2014879e-01
   1.0064360e+00  -4.9889135e-01
   1.0069737e+00   3.1432858e-01
   1.0103539e+00  -4.1564085e-01
   1.0109172e+00   4.1430463e-01
   1.0242169e+00   1.6943343e-01
   1.0244327e+00  -7.5818976e-03
   1.0245417e+00   7.9145387e-02
   1.0251411e+00  -9.3854560e-02
   1.0252181e+00  -1.8281351e-01
   1.0257852e+00  -2.7460654e-01
   1.0273428e+00   2.6670692e-01
   1.0318391e+00   5.3412731e-01
   1.0320434e+00  -3.6685856e-01
   1.0345803e+00   4.6826768e-01
   1.0353666e+00   3.6437904e-01
   1.0390709e+00  -4.6635077e-01
   1.0465379e+00  -5.2750881e-01
   1.0495047e+00   2.1606843e-01
   1.0514744e+00   1.2299347e-01
   1.0526444e+00  -2.2895473e-01
   1.0527028e+00  -1.3821107e-01
   1.0529301e+00   3.5183189e-02
   1.0534774e+00  -5.1395197e-02
   1.0549426e+00  -3.2236405e-01
   1.0564986e+00   3.1697943e-01
   1.0583792e+00   4.1299505e-01
   1.0593899e+00  -4.1259606e-01
   1.0754191e+00   2.6273108e-01
   1.0769985e+00   5.1054648e-01
   1.0771708e+00   1.6768279e-01
   1.0773674e+00  -2.7673695e-01
   1.0793767e+00   4.5918551e-01
   1.0796339e+00  -1.8328923e-01
   1.0808216e+00   7.8347887e-02
   1.0811308e+00  -8.5818075e-03
   1.0821878e+00  -9.5309819e-02
   1.0839742e+00  -4.5444395e-01
   1.0862065e+00  -3.7003507e-01
   1.0872021e+00   3.6672664e-01
   1.0874107e+00  -5.0372463e-01
   1.1000327e+00   2.1300857e-01
   1.1018561e+00   3.0699833e-01
   1.1057157e+00  -2.2864935e-01
   1.1062710e+00   1.2176293e-01
   1.1069655e+00  -3.2623387e-01
   1.1084185e+00  -1.3981861e-01
   1.1096555e+00   3.5363924e-02
   1.1101065e+00   4.1870244e-01
   1.1104282e+00  -5.3092542e-02
   1.1157231e+00  -4.1603762e-01
   1.1228529e+00   4.7639014e-01
   1.1258196e+00  -2.7473974e-01
   1.1262781e+00   2.5796101e-01
   1.1292182e+00   3.4453825e-01
   1.1295821e+00  -4.7044372e-01
   1.1309357e+00   1.6563802e-01
   1.1348889e+00  -1.8518286e-01
   1.1364897e+00  -8.4584709e-03
   1.1381865e+00   7.8755381e-02
   1.1396837e+00  -9.8333382e-02
   1.1406826e+00  -3.7600545e-01
   1.1454368e+00   3.8761224e-01
   1.1509304e+00   2.1037696e-01
   1.1539236e+00  -3.1937536e-01
   1.1554939e+00   2.9926894e-01
   1.1598020e+00   4.4045504e-01
   1.1607760e+00  -2.2950149e-01
   1.1619208e+00   1.2156340e-01
   1.1641151e+00  -1.4465475e-01
   1.1647129e+00  -4.3503626e-01
   1.1658353e+00  -5.4975208e-02
   1.1663985e+00   3.7689883e-02
   1.1756698e+00  -2.7198845e-01
   1.1796316e+00   2.5381204e-01
   1.1804211e+00   3.4338645e-01
   1.1838747e+00  -3.5314796e-01
   1.1859452e+00   1.6527029e-01
   1.1887272e+00  -8.6029549e-03
   1.1917190e+00  -1.9404693e-01
   1.1937520e+00  -3.9941473e-01
   1.1937521e+00   3.9941454e-01
   1.1967734e+00  -1.0129206e-01
   1.1978548e+00   8.3287685e-02
   1.2016878e+00   2.0769472e-01
   1.2083957e+00   2.9426598e-01
   1.2088308e+00  -3.0261793e-01
   1.2156941e+00  -1.4833418e-01
   1.2185010e+00   1.2940513e-01
   1.2195286e+00  -5.7824598e-02
   1.2200782e+00  -2.4707036e-01
   1.2205767e+00   4.0182079e-02
   1.2228955e+00   3.5628056e-01
   1.2282818e+00  -3.4730291e-01
   1.2330969e+00   2.4188386e-01
   1.2362832e+00  -8.9410140e-03
   1.2413155e+00  -2.0219718e-01
   1.2439897e+00   1.8353795e-01
   1.2459690e+00   3.1504897e-01
   1.2552735e+00  -1.0546011e-01
   1.2560098e+00  -2.9446796e-01
   1.2575438e+00   8.6794968e-02
   1.2617086e+00  -1.5494342e-01
   1.2649610e+00   1.3650146e-01
   1.2661536e+00   2.7154712e-01
   1.2698780e+00  -5.9264311e-02
   1.2711639e+00   4.0360323e-02
   1.2762832e+00  -2.4593881e-01
   1.2799625e+00  -9.5983220e-03
   1.2847496e+00   2.2177857e-01
   1.2930214e+00  -1.9480984e-01
   1.2989404e+00   1.7261201e-01
   1.3063184e+00  -1.3961982e-01
   1.3102346e+00   1.1817595e-01
   1.3142354e+00  -9.0967083e-02
   1.3166055e+00   6.9882246e-02
   1.3189649e+00  -3.8630862e-02
   1.3197838e+00   1.7662531e-02
