   1.0000000e+00
   2.0000000e+00
   3.0000000e+00
   4.0000000e+00
   5.0000000e+00
   6.0000000e+00
   7.0000000e+00
   8.0000000e+00
   9.0000000e+00
   1.0000000e+01
   1.1000000e+01
   1.2000000e+01
   1.3000000e+01
   1.4000000e+01
   1.5000000e+01
   1.6000000e+01
   1.7000000e+01
   1.8000000e+01
   1.9000000e+01
   2.2000000e+01
   2.5000000e+01
   2.8000000e+01
   3.1000000e+01
   3.6000000e+01
   3.9000000e+01
   4.2000000e+01
   4.6000000e+01
   5.0000000e+01
   5.8000000e+01
   6.1000000e+01
   6.8000000e+01
   7.5000000e+01
   8.1000000e+01
   8.2000000e+01
   9.9000000e+01
   1.0000000e+02
   1.1800000e+02
   1.2000000e+02
   1.4200000e+02
   1.4300000e+02
   1.6800000e+02
   1.6900000e+02
   2.0400000e+02
   2.0600000e+02
   2.3700000e+02
   2.3900000e+02
   2.8100000e+02
   2.8500000e+02
   3.2000000e+02
   3.3000000e+02
   3.6300000e+02
   3.7500000e+02
   4.2600000e+02
   4.2700000e+02
   4.7900000e+02
   4.8100000e+02
   5.3100000e+02
   5.3400000e+02
   5.8400000e+02
   5.8600000e+02
   6.1500000e+02
   6.1600000e+02
   6.6400000e+02
   6.6500000e+02
   7.0900000e+02
   7.1200000e+02
   7.4300000e+02
   7.4800000e+02
   7.8000000e+02
   7.8100000e+02
   8.1000000e+02
   8.1400000e+02
   8.4500000e+02
   8.4600000e+02
   8.6700000e+02
   8.7400000e+02
   8.9300000e+02
   8.9400000e+02
   9.1200000e+02
   9.1900000e+02
   9.3000000e+02
   9.4100000e+02
   9.4600000e+02
   9.5900000e+02
   9.6200000e+02
   9.7300000e+02
   9.7600000e+02
   9.8500000e+02
   9.8700000e+02
   9.9400000e+02
   9.9900000e+02
   1.0030000e+03
   1.0050000e+03
   1.0090000e+03
   1.0140000e+03
   1.0150000e+03
   1.0180000e+03
   1.0210000e+03
   1.0220000e+03
   1.0230000e+03
   1.0240000e+03
   1.0250000e+03
   1.0260000e+03
   1.0270000e+03
   1.0280000e+03
   1.0290000e+03
   1.0300000e+03
   1.0310000e+03
   1.0320000e+03
   1.0330000e+03
