   6.8000597e-01  -4.0859368e-03
   6.8017244e-01   2.1973212e-02
   6.8032459e-01  -3.0139422e-02
   6.8071794e-01   4.4795191e-02
   6.8100413e-01  -5.2951554e-02
   6.8177128e-01   7.0239792e-02
   6.8220934e-01  -7.8389992e-02
   6.8309294e-01   9.2616680e-02
   6.8366851e-01  -1.0077203e-01
   6.8502694e-01   1.1770211e-01
   6.8576308e-01  -1.2587463e-01
   6.8715858e-01   1.3997031e-01
   6.8804608e-01  -1.4817888e-01
   6.9004917e-01   1.6505997e-01
   6.9111916e-01  -1.7332273e-01
   6.9326039e-01   1.8861819e-01
   6.9451857e-01  -1.9696001e-01
   6.9671017e-01   2.1055142e-01
   6.9816370e-01  -2.1899963e-01
   7.0039816e-01   1.0457893e-02
   7.0048088e-01  -1.8555279e-02
   7.0122892e-01   2.3558174e-01
   7.0151564e-01   5.7834218e-02
   7.0187823e-01  -6.5891471e-02
   7.0293243e-01  -2.4417479e-01
   7.0430207e-01   1.0400731e-01
   7.0492747e-01  -1.1204718e-01
   7.0607870e-01   2.5905987e-01
   7.0708698e-01   3.4992205e-02
   7.0731850e-01  -4.3046808e-02
   7.0805934e-01  -2.6785514e-01
   7.0845109e-01   1.4958520e-01
   7.0901164e-01   8.1095694e-02
   7.0934738e-01  -1.5765356e-01
   7.0949726e-01  -8.9122048e-02
   7.1119869e-01   2.8100731e-01
   7.1227718e-01   1.2665459e-01
   7.1301617e-01  -1.3468702e-01
   7.1349856e-01  -2.9009681e-01
   7.1450493e-01   1.7327047e-01
   7.1554388e-01  -1.8135789e-01
   7.1778835e-01   3.0597731e-01
   7.1827101e-01  -4.0244718e-03
   7.1854939e-01   2.1850340e-01
   7.1991287e-01  -2.2668625e-01
   7.2055407e-01  -3.1555967e-01
   7.2185009e-01   1.9537489e-01
   7.2301349e-01  -2.0349025e-01
   7.2431549e-01   5.8925861e-02
   7.2463300e-01   3.2886927e-01
   7.2467998e-01  -6.6914300e-02
   7.2607631e-01   1.8499483e-02
   7.2621609e-01  -2.6519771e-02
   7.2628836e-01   2.4190460e-01
   7.2707685e-01   1.0368195e-01
   7.2767403e-01  -1.1165919e-01
   7.2780382e-01  -2.5009001e-01
   7.2812087e-01  -3.3955443e-01
   7.3010531e-01   1.4952897e-01
   7.3095025e-01  -1.5753172e-01
   7.3252723e-01   3.5223870e-01
   7.3362445e-01   2.8804815e-01
   7.3500866e-01   2.6380875e-01
   7.3530880e-01  -2.9588910e-01
   7.3611882e-01   8.1582908e-02
   7.3614312e-01   3.9260032e-02
   7.3640656e-01  -4.7236941e-02
   7.3641791e-01  -3.6275913e-01
   7.3658438e-01  -8.9545646e-02
   7.3664970e-01  -2.7197560e-01
   7.3844678e-01   1.2657226e-01
   7.3894046e-01   1.7302490e-01
   7.3912539e-01  -1.3454912e-01
   7.3990036e-01  -1.8103528e-01
   7.4038074e-01   3.7288376e-01
   7.4056869e-01   2.1728910e-01
   7.4159883e-01  -3.9914874e-03
   7.4181968e-01  -2.2536999e-01
   7.4408687e-01   3.1069910e-01
   7.4515327e-01  -3.1871423e-01
   7.4678503e-01  -3.8811594e-01
   7.4904293e-01   3.9318224e-01
   7.4942577e-01   3.3919368e-01
   7.4951430e-01   1.9465347e-01
   7.5053384e-01  -2.0270095e-01
   7.5056446e-01   6.0908517e-02
   7.5085652e-01   2.4025135e-01
   7.5093130e-01  -6.8851942e-02
   7.5172082e-01   1.0421407e-01
   7.5198580e-01   1.8317071e-02
   7.5213815e-01  -2.6271000e-02
   7.5220337e-01  -2.4835034e-01
   7.5228184e-01  -1.1216256e-01
   7.5349660e-01   1.4962673e-01
   7.5428484e-01  -1.5759548e-01
   7.5464064e-01  -3.4073229e-01
   7.5509289e-01   2.8358399e-01
   7.5673063e-01  -2.9225126e-01
   7.5805274e-01  -4.1199313e-01
   7.5929859e-01   4.1443052e-01
   7.5976058e-01  -3.6817200e-01
   7.6011981e-01   3.6490663e-01
   7.6316993e-01   2.6066446e-01
   7.6323183e-01   8.2721427e-02
   7.6351344e-01   3.9833588e-02
   7.6367917e-01  -9.0655054e-02
   7.6377950e-01  -4.7763824e-02
   7.6420182e-01  -2.6918062e-01
   7.6434287e-01   1.2687908e-01
   7.6438343e-01   3.2285367e-01
   7.6440609e-01   1.7228499e-01
   7.6482988e-01   2.1664038e-01
   7.6497543e-01  -1.3483102e-01
   7.6527216e-01  -1.8028090e-01
   7.6595099e-01  -2.2475079e-01
   7.6624972e-01  -3.9602629e-03
   7.6817403e-01  -3.1457992e-01
   7.7049854e-01  -4.3475923e-01
   7.7067352e-01   3.0133839e-01
   7.7107181e-01   4.3572822e-01
   7.7182189e-01   3.8901594e-01
   7.7194456e-01  -3.9160948e-01
   7.7477067e-01   3.4577618e-01
   7.7542762e-01  -3.5221795e-01
   7.7633209e-01   1.9402449e-01
   7.7701036e-01   6.1427887e-02
   7.7706433e-01   2.3816294e-01
   7.7721347e-01  -2.0209002e-01
   7.7736535e-01  -6.9347608e-02
   7.7740587e-01   1.0487464e-01
   7.7793112e-01  -1.1281117e-01
   7.7793226e-01   1.8222715e-02
   7.7806594e-01  -2.4656673e-01
   7.7807857e-01  -2.6126147e-02
   7.7823166e-01   1.4943624e-01
   7.7895137e-01  -1.5740631e-01
   7.8073897e-01  -2.9025869e-01
   7.8125620e-01   2.7927131e-01
   7.8297020e-01  -3.3167120e-01
   7.8380600e-01   4.1181365e-01
   7.8397691e-01  -4.1391819e-01
   7.8437916e-01   4.5648889e-01
   7.8437942e-01  -4.5648899e-01
   7.8594038e-01   3.6840911e-01
   7.8689292e-01  -3.7371196e-01
   7.8790638e-01   3.2339080e-01
   7.8990768e-01   8.3203416e-02
   7.9021368e-01   3.9899644e-02
   7.9025097e-01   1.7168691e-01
   7.9033075e-01  -9.1128570e-02
   7.9037854e-01   1.2708837e-01
   7.9046382e-01  -4.7799845e-02
   7.9051192e-01   2.1549085e-01
   7.9096209e-01  -1.3504404e-01
   7.9100794e-01  -1.7971342e-01
   7.9119505e-01  -2.6754783e-01
   7.9131176e-01   2.5790572e-01
   7.9136246e-01  -2.2375532e-01
   7.9157844e-01  -3.9412806e-03
   7.9497744e-01  -3.1004378e-01
   7.9640189e-01   3.0091745e-01
   7.9653607e-01   4.3340334e-01
   7.9653884e-01  -4.3533432e-01
   7.9785075e-01   3.9076256e-01
   7.9900573e-01  -3.9549747e-01
   7.9962030e-01   3.4639099e-01
   8.0026825e-01  -3.5240560e-01
   8.0033469e-01   4.7752897e-01
   8.0160446e-01  -4.7904403e-01
   8.0296708e-01   1.9324737e-01
   8.0337162e-01   6.1591948e-02
   8.0344601e-01   1.0513571e-01
   8.0366161e-01  -2.0140848e-01
   8.0370118e-01  -6.9502087e-02
   8.0375487e-01   1.4926571e-01
   8.0393035e-01  -1.1307995e-01
   8.0395854e-01   1.8089368e-02
   8.0407440e-01   2.3634844e-01
   8.0409019e-01  -2.5970190e-02
   8.0432139e-01  -2.4526283e-01
   8.0439214e-01  -1.5726565e-01
   8.0686203e-01  -2.8786507e-01
   8.0728494e-01   2.7898133e-01
   8.0837967e-01  -4.5780957e-01
   8.0970601e-01  -3.3070290e-01
   8.0988005e-01   4.5433270e-01
   8.1035729e-01   4.1273019e-01
   8.1136116e-01  -4.1752358e-01
   8.1144197e-01   3.6897793e-01
   8.1191002e-01   3.2361636e-01
   8.1266113e-01  -3.7475496e-01
   8.1635382e-01   8.3357355e-02
   8.1642095e-01   1.7114892e-01
   8.1650067e-01   1.2711946e-01
   8.1661290e-01   3.9856172e-02
   8.1674254e-01  -9.1289895e-02
   8.1683864e-01  -4.7751481e-02
   8.1695841e-01   2.1444287e-01
   8.1702507e-01  -1.3510094e-01
   8.1703867e-01  -1.7924461e-01
   8.1732664e-01  -3.9376330e-03
   8.1736540e-01  -2.2296290e-01
   8.1822452e-01  -2.6603499e-01
   8.1824481e-01  -4.9698014e-01
   8.1832575e-01   2.5737201e-01
   8.1921548e-01   4.9792310e-01
   8.2132087e-01  -3.0904331e-01
   8.2191057e-01   3.0120200e-01
   8.2306596e-01  -4.4114478e-01
   8.2351294e-01   4.3461927e-01
   8.2377696e-01   3.9131119e-01
   8.2395425e-01   4.7547265e-01
   8.2445058e-01   3.4660532e-01
   8.2501437e-01  -3.9727523e-01
   8.2506062e-01  -3.5289060e-01
   8.2901589e-01  -4.6945305e-01
   8.2961520e-01   1.0519493e-01
   8.2962042e-01   1.9258142e-01
   8.2966820e-01   6.1599337e-02
   8.2972850e-01   1.4902241e-01
   8.2996508e-01  -6.9521250e-02
   8.3005021e-01  -1.1316292e-01
   8.3005097e-01   1.7997289e-02
   8.3005853e-01  -2.0088009e-01
   8.3016579e-01  -2.5886476e-02
   8.3026478e-01  -1.5707288e-01
   8.3075382e-01   2.3577846e-01
   8.3089189e-01  -2.4424465e-01
   8.3307451e-01  -2.8725648e-01
   8.3316295e-01   2.7921018e-01
   8.3559428e-01  -3.3098793e-01
   8.3647046e-01   3.2401005e-01
   8.3653360e-01   4.1367777e-01
   8.3668603e-01  -4.2090150e-01
   8.3680134e-01   4.5737003e-01
   8.3681915e-01   3.6932540e-01
   8.3763855e-01   5.1388533e-01
   8.3786810e-01  -3.7583017e-01
   8.3797560e-01  -5.1414502e-01
   8.4268805e-01   8.3364488e-02
   8.4271368e-01   1.2702881e-01
   8.4277916e-01   1.7070899e-01
   8.4282879e-01  -4.8857074e-01
   8.4289831e-01   3.9788062e-02
   8.4303608e-01  -9.1323064e-02
   8.4309761e-01  -4.7706071e-02
   8.4316721e-01  -1.3505065e-01
   8.4322783e-01  -1.7888371e-01
   8.4329526e-01  -3.9496982e-03
   8.4341795e-01   2.1403977e-01
   8.4369738e-01  -2.2235134e-01
   8.4475395e-01   2.5745502e-01
   8.4484118e-01  -2.6557102e-01
   8.4502368e-01   4.8555720e-01
   8.4571376e-01  -4.4671882e-01
   8.4723921e-01  -3.0921321e-01
   8.4735858e-01   3.0167466e-01
   8.4931067e-01   4.3680993e-01
   8.4939784e-01   3.9202609e-01
   8.4941181e-01   3.4698433e-01
   8.4990342e-01  -3.5378910e-01
   8.4991770e-01  -3.9939710e-01
   8.5584868e-01   1.0514266e-01
   8.5593272e-01   6.1548931e-02
   8.5593489e-01   1.4878603e-01
   8.5612945e-01   1.9227956e-01
   8.5619192e-01   1.7922316e-02
   8.5619567e-01  -6.9505448e-02
   8.5622911e-01  -1.1314874e-01
   8.5629114e-01  -2.5848946e-02
   8.5635933e-01  -1.5688950e-01
   8.5646745e-01  -2.0048710e-01
   8.5683445e-01  -4.6796354e-01
   8.5712523e-01   2.3575339e-01
   8.5733405e-01  -2.4388217e-01
   8.5894235e-01   2.7964355e-01
   8.5907878e-01  -2.8741828e-01
   8.5944369e-01   5.0508124e-01
   8.5981901e-01   4.6261672e-01
   8.5984162e-01  -5.0630347e-01
   8.6048835e-01   5.2913424e-01
   8.6055161e-01  -4.2387883e-01
   8.6109398e-01  -3.3174058e-01
   8.6136052e-01   3.2452439e-01
   8.6140078e-01  -5.2964927e-01
   8.6192573e-01   4.1519166e-01
   8.6205516e-01   3.6991660e-01
   8.6257555e-01  -3.7722473e-01
   8.6898000e-01   8.3302922e-02
   8.6898423e-01   1.2689925e-01
   8.6913466e-01   1.7048348e-01
   8.6914299e-01   3.9711837e-02
   8.6928684e-01  -9.1304683e-02
   8.6931806e-01  -4.7677225e-02
   8.6936410e-01  -1.3496502e-01
   8.6938278e-01  -3.9752360e-03
   8.6949954e-01  -1.7862433e-01
   8.6973463e-01   2.1399605e-01
   8.7002229e-01  -2.2211239e-01
   8.7086633e-01   2.5777554e-01
   8.7109512e-01  -2.6567580e-01
   8.7158805e-01  -4.8804120e-01
   8.7168934e-01  -4.4624441e-01
   8.7210652e-01   4.8455121e-01
   8.7278718e-01   3.0223678e-01
   8.7289263e-01  -3.0980259e-01
   8.7342810e-01   4.3955621e-01
   8.7424324e-01  -4.0099811e-01
   8.7441881e-01   3.4755036e-01
   8.7456891e-01   3.9306584e-01
   8.7468793e-01  -3.5485276e-01
   8.8211187e-01   1.0504946e-01
   8.8218605e-01   6.1470657e-02
   8.8219823e-01   1.4864110e-01
   8.8236804e-01   1.7853646e-02
   8.8241877e-01  -6.9480667e-02
   8.8244118e-01  -1.1310098e-01
   8.8245460e-01  -2.5840981e-02
   8.8247441e-01   1.9221833e-01
   8.8249182e-01   5.3973932e-01
   8.8255869e-01  -1.5674266e-01
   8.8270694e-01   5.1015169e-01
   8.8275398e-01  -5.1462036e-01
   8.8279953e-01  -2.0031874e-01
   8.8327498e-01   2.3595534e-01
   8.8356203e-01  -2.4392739e-01
   8.8424787e-01  -4.6780980e-01
   8.8463787e-01   2.8014817e-01
   8.8488861e-01  -2.8789204e-01
   8.8497702e-01  -5.4071020e-01
   8.8541960e-01   4.6215068e-01
   8.8580054e-01  -4.2370394e-01
   8.8638513e-01  -3.3259900e-01
   8.8640853e-01   3.2512644e-01
   8.8657822e-01   4.1670372e-01
   8.8709489e-01   3.7068344e-01
   8.8718299e-01  -3.7822518e-01
   8.9525425e-01   8.3214743e-02
   8.9525561e-01   1.2679686e-01
   8.9537834e-01   3.9630492e-02
   8.9541529e-01   1.7041144e-01
   8.9552671e-01  -9.1270381e-02
   8.9553432e-01  -4.7661729e-02
   8.9553747e-01  -4.0108580e-03
   8.9559094e-01  -1.3488253e-01
   8.9575702e-01  -1.7850082e-01
   8.9586525e-01  -4.9252799e-01
   8.9590197e-01   2.1411926e-01
   8.9622596e-01  -2.2213163e-01
   8.9650534e-01   4.8577906e-01
   8.9678426e-01   2.5816580e-01
   8.9709009e-01  -2.6601894e-01
   8.9771887e-01  -4.4584483e-01
   8.9818822e-01   3.0281782e-01
   8.9839290e-01  -3.1048297e-01
   8.9872358e-01   4.3949151e-01
   8.9931149e-01  -4.0103259e-01
   8.9941851e-01   3.4819832e-01
   8.9944360e-01   3.9398499e-01
   8.9958381e-01  -3.5565282e-01
   9.0024480e-01   5.2547127e-01
   9.0555516e-01  -5.1797009e-01
   9.0799869e-01  -5.4770238e-01
   9.0837093e-01   1.0495920e-01
   9.0843589e-01   6.1381612e-02
   9.0843691e-01   1.4857256e-01
   9.0857113e-01   1.7785529e-02
   9.0864692e-01  -6.9457284e-02
   9.0864898e-01  -2.5850079e-02
   9.0867054e-01  -1.1304889e-01
   9.0867750e-01   1.9227385e-01
   9.0877569e-01  -1.5666090e-01
   9.0901864e-01  -2.0031168e-01
   9.0911657e-01  -4.6899441e-01
   9.0919950e-01   5.4797242e-01
   9.0926631e-01   2.3622411e-01
   9.0960305e-01  -2.4415054e-01
   9.1025313e-01   2.8063468e-01
   9.1044536e-01   4.6246563e-01
   9.1055824e-01  -2.8841851e-01
   9.1078706e-01   5.0481368e-01
   9.1134627e-01  -4.2341285e-01
   9.1152136e-01   3.2572086e-01
   9.1165964e-01  -3.3329132e-01
   9.1180045e-01   4.1683914e-01
   9.1206190e-01   3.7134560e-01
   9.1228681e-01  -3.7849786e-01
   9.1967862e-01  -4.9199630e-01
   9.2149616e-01   1.2672510e-01
   9.2151217e-01   8.3124716e-02
   9.2160787e-01   1.7041317e-01
   9.2161591e-01   3.9547312e-02
   9.2173458e-01  -4.0534785e-03
   9.2176062e-01  -4.7656559e-02
   9.2176747e-01  -9.1235697e-02
   9.2181745e-01  -1.3482608e-01
   9.2194492e-01   2.1428737e-01
   9.2195557e-01  -1.7847360e-01
   9.2229914e-01  -2.2226401e-01
   9.2257003e-01   2.5852992e-01
   9.2291486e-01  -2.6639700e-01
   9.2301176e-01  -4.4592301e-01
   9.2352626e-01   4.8330987e-01
   9.2355498e-01   3.0332466e-01
   9.2374857e-01  -5.3082767e-01
   9.2384366e-01  -3.1104062e-01
   9.2399363e-01   4.3960390e-01
   9.2445149e-01   3.4874594e-01
   9.2463197e-01   3.9425670e-01
   9.2474633e-01  -4.0107693e-01
   9.2479370e-01  -3.5609651e-01
   9.2490342e-01   5.2780582e-01
   9.3360666e-01  -5.0938981e-01
   9.3421262e-01  -4.6803240e-01
   9.3460865e-01   1.0487890e-01
   9.3462515e-01   1.4853829e-01
   9.3468209e-01   6.1292571e-02
   9.3476926e-01   1.9235381e-01
   9.3479579e-01   1.7717146e-02
   9.3486990e-01  -2.5870239e-02
   9.3488576e-01  -6.9439829e-02
   9.3490280e-01  -1.1300746e-01
   9.3496899e-01  -1.5662604e-01
   9.3513216e-01  -2.0037134e-01
   9.3514226e-01   2.3646615e-01
   9.3535327e-01  -5.5169489e-01
   9.3542250e-01   5.5169950e-01
   9.3550710e-01  -2.4439250e-01
   9.3580309e-01   2.8102790e-01
   9.3615366e-01  -2.8884770e-01
   9.3667643e-01   3.2616675e-01
   9.3669859e-01   5.0551115e-01
   9.3675398e-01   4.6126506e-01
   9.3693398e-01  -4.2353666e-01
   9.3701922e-01  -3.3373883e-01
   9.3715130e-01   4.1704254e-01
   9.3720984e-01   3.7168517e-01
   9.3767114e-01  -3.7882996e-01
   9.4695477e-01  -4.8739840e-01
   9.4769819e-01   1.2666398e-01
   9.4772400e-01   1.7042201e-01
   9.4775382e-01   8.3037949e-02
   9.4785869e-01   3.9465725e-02
   9.4789152e-01   2.1442083e-01
   9.4796174e-01  -4.1011902e-03
   9.4800288e-01  -4.7661023e-02
   9.4801194e-01  -9.1208902e-02
   9.4802926e-01  -1.3478925e-01
   9.4809094e-01  -1.7848001e-01
   9.4826525e-01   2.5880253e-01
   9.4826911e-01  -2.2239648e-01
   9.4863572e-01  -2.6668932e-01
   9.4867721e-01  -5.2984349e-01
   9.4886401e-01  -4.4557960e-01
   9.4890881e-01   3.0367551e-01
   9.4893577e-01   5.2896337e-01
   9.4930096e-01  -3.1142734e-01
   9.4958040e-01   3.4902544e-01
   9.4959196e-01   4.8319962e-01
   9.4992565e-01   3.9456367e-01
   9.4999811e-01   4.3923817e-01
   9.5012481e-01  -3.5646932e-01
   9.5036892e-01  -4.0148689e-01
   9.6037814e-01  -5.0702391e-01
   9.6076599e-01   1.4849727e-01
   9.6077963e-01   1.9239387e-01
   9.6082336e-01   1.0479963e-01
   9.6092539e-01   6.1206092e-02
   9.6093447e-01   2.3661827e-01
   9.6103803e-01   1.7649094e-02
   9.6111445e-01  -2.5899556e-02
   9.6113211e-01  -1.5660196e-01
   9.6113386e-01  -1.1297597e-01
   9.6113788e-01  -6.9432379e-02
   9.6116645e-01  -2.0041668e-01
   9.6131317e-01   2.8127788e-01
   9.6132073e-01  -2.4455867e-01
   9.6146378e-01  -4.6606702e-01
   9.6162185e-01  -5.5155632e-01
   9.6170387e-01  -2.8912729e-01
   9.6170844e-01   5.5154986e-01
   9.6189846e-01   3.2639514e-01
   9.6200052e-01   5.0543773e-01
   9.6237411e-01   3.7185798e-01
   9.6239992e-01  -3.3409517e-01
   9.6286505e-01   4.1720524e-01
   9.6295486e-01   4.6135687e-01
   9.6299900e-01  -4.2389188e-01
   9.6310627e-01  -3.7918563e-01
   9.7279189e-01  -5.2805116e-01
   9.7299986e-01   5.2759011e-01
   9.7376871e-01   2.1446499e-01
   9.7378553e-01   1.7039090e-01
   9.7386999e-01   1.2659085e-01
   9.7389815e-01   2.5893668e-01
   9.7398423e-01   8.2951096e-02
   9.7410824e-01   3.9386777e-02
   9.7416847e-01  -2.2245509e-01
   9.7418089e-01  -1.7846485e-01
   9.7421200e-01  -4.1532471e-03
   9.7423023e-01  -1.3475488e-01
   9.7426352e-01  -4.7677243e-02
   9.7426455e-01  -9.1192469e-02
   9.7427590e-01   3.0385023e-01
   9.7428799e-01  -2.6685108e-01
   9.7456701e-01  -4.8591121e-01
   9.7472147e-01  -3.1168410e-01
   9.7475833e-01   3.4913429e-01
   9.7523887e-01   3.9456223e-01
   9.7549215e-01  -3.5682140e-01
   9.7573409e-01   4.8339037e-01
   9.7602810e-01  -4.4553413e-01
   9.7606906e-01   4.3988770e-01
   9.7608198e-01  -4.0172201e-01
   9.8666749e-01   2.3663572e-01
   9.8673844e-01   1.9235261e-01
   9.8679484e-01   2.8135719e-01
   9.8687645e-01   1.4842018e-01
   9.8702440e-01   1.0471097e-01
   9.8707137e-01  -2.4460175e-01
   9.8714196e-01  -5.0573373e-01
   9.8715281e-01  -2.0039289e-01
   9.8716454e-01   3.2648643e-01
   9.8716987e-01   6.1121732e-02
   9.8719712e-01  -2.8927302e-01
   9.8728014e-01  -1.5655803e-01
   9.8729533e-01   1.7581917e-02
   9.8737127e-01  -1.1295018e-01
   9.8737992e-01  -2.5938908e-02
   9.8740697e-01  -6.9439231e-02
   9.8751722e-01  -5.4791624e-01
   9.8759648e-01   3.7181016e-01
   9.8773546e-01  -3.3433256e-01
   9.8779761e-01   5.4785855e-01
   9.8805990e-01   5.0486625e-01
   9.8826325e-01   4.1722625e-01
   9.8863898e-01  -3.7950406e-01
   9.8931894e-01  -4.2373100e-01
   9.8940751e-01   4.6280777e-01
   9.8955416e-01  -4.6687629e-01
   9.9745925e-01  -5.2557080e-01
   9.9779705e-01   5.2545737e-01
   9.9948394e-01   2.5889881e-01
   9.9960387e-01   2.1438735e-01
   9.9963096e-01   3.0386020e-01
   9.9981930e-01   1.7029186e-01
   9.9987205e-01  -2.6686692e-01
   1.0000079e+00   3.4913950e-01
   1.0000240e+00  -2.2239830e-01
   1.0000293e+00   1.2649163e-01
   1.0000847e+00  -3.1181482e-01
   1.0002134e+00   8.2861335e-02
   1.0002543e+00  -1.7839485e-01
   1.0003669e+00   3.9311976e-02
   1.0004380e+00  -1.3471246e-01
   1.0004802e+00  -4.2095194e-03
   1.0005048e+00   3.9441989e-01
   1.0005343e+00  -9.1190792e-02
   1.0005436e+00  -4.7709405e-02
   1.0008288e+00  -3.5700993e-01
   1.0014737e+00   4.3984070e-01
   1.0020716e+00  -4.0194581e-01
   1.0027788e+00  -4.4526971e-01
   1.0028608e+00   4.8626295e-01
   1.0032002e+00  -4.8872402e-01
   1.0122372e+00   2.8124275e-01
   1.0123639e+00   2.3649735e-01
   1.0124303e+00   3.2642032e-01
   1.0126129e+00  -2.8926022e-01
   1.0126758e+00   1.9220877e-01
   1.0127713e+00  -2.4449430e-01
   1.0128825e+00   3.7180602e-01
   1.0129812e+00   1.4829453e-01
   1.0130262e+00  -3.3444527e-01
   1.0131240e+00  -2.0027481e-01
   1.0132274e+00   1.0460913e-01
   1.0134226e+00   6.1041917e-02
   1.0134406e+00  -1.5648278e-01
   1.0135655e+00   1.7518102e-02
   1.0135896e+00   4.1687510e-01
   1.0136312e+00  -1.1293525e-01
   1.0136625e+00  -2.5990461e-02
   1.0136975e+00  -6.9468226e-02
   1.0138585e+00  -5.4084486e-01
   1.0141524e+00  -3.7959403e-01
   1.0144885e+00   5.4063519e-01
   1.0145079e+00   4.6235393e-01
   1.0159296e+00  -4.2411048e-01
   1.0159712e+00  -5.1202300e-01
   1.0161436e+00  -4.6665355e-01
   1.0162662e+00   5.1101002e-01
   1.0249463e+00   3.0364471e-01
   1.0250363e+00   2.5868195e-01
   1.0252197e+00   3.4903489e-01
   1.0253601e+00  -3.1177142e-01
   1.0253836e+00  -2.6670004e-01
   1.0254237e+00   2.1417545e-01
   1.0258563e+00   1.7011937e-01
   1.0258625e+00  -2.2221161e-01
   1.0259178e+00   3.9447630e-01
   1.0261503e+00  -3.5711607e-01
   1.0261985e+00   1.2636442e-01
   1.0263465e+00  -1.7826377e-01
   1.0264547e+00   8.2772609e-02
   1.0266375e+00   3.9247344e-02
   1.0266792e+00  -1.3467185e-01
   1.0267601e+00  -4.2683060e-03
   1.0268321e+00  -9.1216882e-02
   1.0268415e+00  -4.7764350e-02
   1.0269290e+00   4.3887064e-01
   1.0269534e+00   4.8475933e-01
   1.0279051e+00  -4.0199025e-01
   1.0288682e+00  -4.8808887e-01
   1.0298616e+00  -4.4618078e-01
   1.0362191e+00  -5.3226104e-01
   1.0369023e+00   5.3196182e-01
   1.0376253e+00   3.2608244e-01
   1.0376546e+00   2.8092581e-01
   1.0379333e+00  -2.8902504e-01
   1.0380421e+00   2.3620017e-01
   1.0380713e+00   3.7171908e-01
   1.0382071e+00  -3.3437911e-01
   1.0384425e+00  -2.4422297e-01
   1.0386249e+00   1.9196946e-01
   1.0391075e+00   1.4812342e-01
   1.0391162e+00  -2.0006358e-01
   1.0391763e+00   5.0577671e-01
   1.0393977e+00   4.1707641e-01
   1.0394515e+00   1.0450094e-01
   1.0396450e+00  -3.7981112e-01
   1.0396507e+00  -1.5639602e-01
   1.0396920e+00   6.0976660e-02
   1.0397258e+00   4.5992936e-01
   1.0398445e+00   1.7464978e-02
   1.0399184e+00  -5.0863679e-01
   1.0399324e+00  -1.1295277e-01
   1.0399542e+00  -2.6056339e-02
   1.0400112e+00  -6.9533319e-02
   1.0421600e+00  -4.2403077e-01
   1.0434765e+00  -4.6864093e-01
   1.0502454e+00   3.0319949e-01
   1.0502833e+00   3.4853241e-01
   1.0505091e+00  -3.1144728e-01
   1.0505702e+00   2.5828288e-01
   1.0508386e+00  -2.6633593e-01
   1.0511420e+00   3.9452089e-01
   1.0512604e+00   2.1385629e-01
   1.0512761e+00  -3.5709394e-01
   1.0515234e+00   4.7931913e-01
   1.0517177e+00  -2.2189744e-01
   1.0519263e+00   1.6988444e-01
   1.0524022e+00   1.2622049e-01
   1.0525039e+00  -1.7810584e-01
   1.0527237e+00   8.2699525e-02
   1.0529217e+00   3.9206542e-02
   1.0529830e+00  -1.3466757e-01
   1.0530401e+00  -4.3244356e-03
   1.0531499e+00  -4.7851085e-02
   1.0531654e+00  -9.1295257e-02
   1.0538177e+00   4.3929297e-01
   1.0538212e+00  -4.0250693e-01
   1.0560116e+00  -4.4546008e-01
   1.0569894e+00  -4.9181653e-01
   1.0599592e+00   5.2057855e-01
   1.0603005e+00  -5.2039119e-01
   1.0623243e+00   4.9726024e-01
   1.0628171e+00   3.2546365e-01
   1.0629431e+00   3.7097635e-01
   1.0630627e+00   2.8039264e-01
   1.0631824e+00  -2.8855945e-01
   1.0631826e+00  -3.3393818e-01
   1.0637344e+00   2.3580164e-01
   1.0641150e+00  -2.4378377e-01
   1.0646117e+00   1.9165715e-01
   1.0647657e+00  -3.7997548e-01
   1.0649064e+00   4.1751037e-01
   1.0651823e+00  -1.9981199e-01
   1.0652839e+00   1.4792313e-01
   1.0657178e+00   1.0440648e-01
   1.0659503e+00  -1.5634817e-01
   1.0659867e+00   6.0946175e-02
   1.0661238e+00   1.7435974e-02
   1.0662392e+00  -2.6137048e-02
   1.0662889e+00  -1.1304239e-01
   1.0663417e+00  -6.9653396e-02
   1.0680609e+00   4.6044066e-01
   1.0685875e+00  -4.6602008e-01
   1.0691242e+00  -4.2496408e-01
   1.0753612e+00   3.4768385e-01
   1.0755516e+00   3.0246232e-01
   1.0755849e+00  -3.1085096e-01
   1.0756615e+00   3.9340991e-01
   1.0760194e+00  -3.5647940e-01
   1.0761368e+00   2.5781499e-01
   1.0762493e+00  -2.6575612e-01
   1.0771308e+00   2.1346813e-01
   1.0776530e+00  -2.2153766e-01
   1.0780576e+00   1.6960783e-01
   1.0786681e+00   1.2608573e-01
   1.0787754e+00  -1.7798834e-01
   1.0790366e+00   8.2669644e-02
   1.0791346e+00  -4.0311118e-01
   1.0792179e+00   3.9210791e-02
   1.0793002e+00  -4.3691392e-03
   1.0793748e+00  -1.3475887e-01
   1.0794508e+00  -4.7977462e-02
   1.0795308e+00  -9.1458724e-02
   1.0801147e+00  -4.8493416e-01
   1.0807380e+00  -5.0815757e-01
   1.0807513e+00   4.8070645e-01
   1.0809029e+00   4.4035538e-01
   1.0835659e+00   5.0630551e-01
   1.0841411e+00  -4.4665677e-01
   1.0878633e+00   3.6985602e-01
   1.0880198e+00   3.2439706e-01
   1.0880903e+00  -3.3315383e-01
   1.0883688e+00  -2.8780471e-01
   1.0885695e+00   2.7985224e-01
   1.0888594e+00   4.1575091e-01
   1.0891268e+00  -3.7904844e-01
   1.0894352e+00   2.3536650e-01
   1.0898714e+00  -2.4331070e-01
   1.0906538e+00   1.9129661e-01
   1.0913708e+00  -1.9960754e-01
   1.0915433e+00   1.4772295e-01
   1.0920490e+00   1.0436231e-01
   1.0923120e+00   6.0979832e-02
   1.0923792e+00  -1.5641950e-01
   1.0923872e+00   1.7447874e-02
   1.0924912e+00  -2.6230171e-02
   1.0926682e+00  -6.9844665e-02
   1.0927009e+00  -1.1325721e-01
   1.0958701e+00  -4.2619025e-01
   1.0969322e+00   4.6326875e-01
   1.0975464e+00  -4.6732827e-01
   1.1003269e+00   3.9204306e-01
   1.1003926e+00   3.4608713e-01
   1.1005960e+00  -3.0980002e-01
   1.1007252e+00  -3.5542617e-01
   1.1010891e+00   3.0182740e-01
   1.1017184e+00  -2.6519687e-01
   1.1017187e+00   2.5738010e-01
   1.1028298e+00  -4.9263209e-01
   1.1028522e+00  -4.0152060e-01
   1.1030320e+00   2.1304175e-01
   1.1037133e+00  -2.2124764e-01
   1.1042832e+00   1.6931690e-01
   1.1044324e+00   4.9140983e-01
   1.1050295e+00   1.2600588e-01
   1.1052119e+00  -1.7801069e-01
   1.1053455e+00   4.3647902e-01
   1.1054074e+00   8.2723694e-02
   1.1055096e+00  -4.3935612e-03
   1.1055181e+00   3.9282921e-02
   1.1057157e+00  -4.8143896e-02
   1.1058676e+00  -1.3502762e-01
   1.1059050e+00  -9.1735238e-02
   1.1125197e+00   3.6742471e-01
   1.1128623e+00  -4.4913727e-01
   1.1128893e+00  -3.3156499e-01
   1.1134826e+00   4.1420865e-01
   1.1135789e+00  -3.7763988e-01
   1.1136761e+00   3.2364399e-01
   1.1137185e+00  -2.8719003e-01
   1.1141492e+00   2.7944824e-01
   1.1150937e+00   2.3493599e-01
   1.1157446e+00  -2.4295267e-01
   1.1167660e+00   1.9090985e-01
   1.1177230e+00  -1.9956818e-01
   1.1179313e+00   1.4757228e-01
   1.1184650e+00   1.0442496e-01
   1.1186092e+00   1.7511413e-02
   1.1186635e+00   6.1109724e-02
   1.1186768e+00  -2.6331018e-02
   1.1189531e+00  -7.0105732e-02
   1.1189738e+00  -1.5672621e-01
   1.1191368e+00  -1.1364702e-01
   1.1196686e+00   4.5323494e-01
   1.1200139e+00  -4.2210199e-01
   1.1224732e+00  -4.7671813e-01
   1.1230281e+00   4.7623850e-01
   1.1241423e+00   3.8834243e-01
   1.1251413e+00  -3.5290596e-01
   1.1260251e+00  -3.0908510e-01
   1.1262352e+00   3.4524003e-01
   1.1267983e+00   3.0147043e-01
   1.1272029e+00  -2.6484966e-01
   1.1272391e+00   2.5702924e-01
   1.1272734e+00  -3.9960543e-01
   1.1289503e+00   2.1259301e-01
   1.1299285e+00  -2.2116308e-01
   1.1306546e+00   1.6905425e-01
   1.1315265e+00   1.2605659e-01
   1.1316287e+00  -4.3989419e-03
   1.1318036e+00   3.9435686e-02
   1.1318387e+00   8.2909396e-02
   1.1318724e+00  -1.7832282e-01
   1.1319141e+00  -4.8336652e-02
   1.1322362e+00  -9.2120831e-02
   1.1324395e+00  -1.3556536e-01
   1.1345541e+00   4.3284799e-01
   1.1351319e+00  -4.3831155e-01
   1.1354473e+00   4.0910391e-01
   1.1372497e+00  -3.7359716e-01
   1.1385254e+00  -3.3068312e-01
   1.1385539e+00   3.6668171e-01
   1.1391820e+00  -2.8694709e-01
   1.1396110e+00   3.2336531e-01
   1.1397015e+00   2.7921757e-01
   1.1400971e+00  -4.6063542e-01
   1.1406211e+00   2.3452159e-01
   1.1417423e+00  -2.4284306e-01
   1.1429727e+00   1.9052772e-01
   1.1431832e+00   4.5763339e-01
   1.1442835e+00  -1.9987910e-01
   1.1445176e+00   1.4755770e-01
   1.1447547e+00   1.7622708e-02
   1.1447675e+00  -2.6444045e-02
   1.1449684e+00   1.0467049e-01
   1.1450161e+00   6.1352248e-02
   1.1451499e+00  -7.0397904e-02
   1.1455058e+00  -1.1421666e-01
   1.1457473e+00  -1.5742408e-01
   1.1489992e+00  -4.1743335e-01
   1.1491181e+00  -3.9384976e-01
   1.1499799e+00   3.8856874e-01
   1.1510768e+00  -3.5190467e-01
   1.1517634e+00  -3.0888264e-01
   1.1523924e+00   3.4515501e-01
   1.1525317e+00   3.0137280e-01
   1.1525571e+00  -2.6482143e-01
   1.1525972e+00   2.5675691e-01
   1.1548797e+00   2.1214576e-01
   1.1563517e+00  -2.2150715e-01
   1.1569537e+00   4.1417680e-01
   1.1572631e+00   1.6889594e-01
   1.1576087e+00  -4.3964490e-03
   1.1580405e+00  -4.8545883e-02
   1.1580470e+00   3.9653102e-02
   1.1581977e+00   1.2636037e-01
   1.1583043e+00   8.3256056e-02
   1.1584503e+00  -9.2534632e-02
   1.1588177e+00  -1.7916754e-01
   1.1589820e+00  -1.3641757e-01
   1.1593272e+00  -4.4097053e-01
   1.1608303e+00   4.3933393e-01
   1.1632850e+00  -3.7325284e-01
   1.1645498e+00   3.6723718e-01
   1.1645997e+00  -3.3038691e-01
   1.1646482e+00  -2.8709388e-01
   1.1651200e+00   2.7908214e-01
   1.1655822e+00   3.2343079e-01
   1.1659069e+00   2.3414775e-01
   1.1679331e+00  -2.4319534e-01
   1.1693141e+00   1.9020748e-01
   1.1707438e+00  -2.6572529e-02
   1.1707874e+00   1.7760008e-02
   1.1708453e+00  -3.9849280e-01
   1.1710906e+00  -2.0091368e-01
   1.1712452e+00  -7.0688712e-02
   1.1713154e+00   6.1670584e-02
   1.1714112e+00   1.4784434e-01
   1.1715014e+00   1.0517092e-01
   1.1716336e+00  -1.1481964e-01
   1.1726126e+00  -1.5865909e-01
   1.1734246e+00   3.9129125e-01
   1.1762577e+00  -4.2163743e-01
   1.1771085e+00  -3.5180286e-01
   1.1776245e+00  -2.6519329e-01
   1.1777316e+00  -3.0880864e-01
   1.1777376e+00   2.5657880e-01
   1.1781558e+00   3.0129241e-01
   1.1784047e+00   3.4555590e-01
   1.1784926e+00   4.1893187e-01
   1.1808275e+00   2.1175291e-01
   1.1831084e+00  -2.2286730e-01
   1.1833941e+00  -4.3919302e-03
   1.1841192e+00  -4.8748365e-02
   1.1842356e+00   3.9870836e-02
   1.1842809e+00   1.6900703e-01
   1.1845398e+00  -9.2918940e-02
   1.1847258e+00   8.3707600e-02
   1.1850330e+00   1.2709376e-01
   1.1852181e+00  -1.3732604e-01
   1.1860159e+00  -1.8093025e-01
   1.1869161e+00  -3.7562548e-01
   1.1895058e+00   3.6858816e-01
   1.1902329e+00  -2.8720637e-01
   1.1904244e+00   2.7898104e-01
   1.1907318e+00  -3.2967024e-01
   1.1907954e+00   2.3385945e-01
   1.1913695e+00   3.2325903e-01
   1.1937520e+00  -3.9941473e-01
   1.1937523e+00   3.9941435e-01
   1.1946434e+00  -2.4459822e-01
   1.1958528e+00   1.9009668e-01
   1.1965987e+00  -2.6708314e-02
   1.1966972e+00   1.7906240e-02
   1.1972392e+00  -7.0913641e-02
   1.1974201e+00  -1.1539001e-01
   1.1974923e+00   6.1921282e-02
   1.1978501e+00   1.0589248e-01
   1.1979775e+00  -2.0368320e-01
   1.1987549e+00   1.4875921e-01
   1.1991597e+00  -1.5991762e-01
   1.2016615e+00  -3.5239093e-01
   1.2025318e+00  -2.6557846e-01
   1.2026666e+00   2.5650168e-01
   1.2038061e+00   3.0094102e-01
   1.2038385e+00   3.4519499e-01
   1.2041211e+00  -3.0691265e-01
   1.2067631e+00   3.8119969e-01
   1.2068372e+00   2.1159480e-01
   1.2089116e+00  -4.3839804e-03
   1.2102285e+00  -4.8877236e-02
   1.2102746e+00  -2.2783403e-01
   1.2104439e+00   4.0008610e-02
   1.2105284e+00  -9.3159003e-02
   1.2105564e+00  -3.7558708e-01
   1.2109887e+00   8.3993925e-02
   1.2110672e+00  -1.3826715e-01
   1.2118005e+00   1.2837013e-01
   1.2120393e+00   1.6982168e-01
   1.2127990e+00  -1.8244921e-01
   1.2150960e+00   2.3381716e-01
   1.2156724e+00  -3.2879538e-01
   1.2157842e+00   2.7856657e-01
   1.2165699e+00  -2.8300379e-01
   1.2172421e+00   3.2216561e-01
   1.2192024e+00   3.6223580e-01
   1.2223513e+00  -2.6832861e-02
   1.2225084e+00   1.8047530e-02
   1.2226292e+00  -2.5387327e-01
   1.2226679e+00   1.9071746e-01
   1.2226811e+00  -1.1579794e-01
   1.2230404e+00  -2.0563713e-01
   1.2231386e+00  -7.0904145e-02
   1.2235367e+00   1.0641203e-01
   1.2235534e+00   6.1915190e-02
   1.2255255e+00  -1.6122766e-01
   1.2258463e+00  -3.5140647e-01
   1.2265420e+00   1.5079614e-01
   1.2276589e+00   2.5627354e-01
   1.2289239e+00  -3.0439533e-01
   1.2297567e+00   2.9902359e-01
   1.2318041e+00   3.4123390e-01
   1.2330756e+00   2.1256779e-01
   1.2340407e+00  -4.3743063e-03
   1.2340940e+00  -2.3066088e-01
   1.2363389e+00  -1.3911392e-01
   1.2364707e+00  -9.2980965e-02
   1.2365761e+00  -4.8772507e-02
   1.2368909e+00   3.9919674e-02
   1.2371454e+00   8.3815920e-02
   1.2376908e+00   1.2950754e-01
   1.2387101e+00  -2.7803327e-01
   1.2389459e+00   2.3425108e-01
   1.2397772e+00  -1.8387216e-01
   1.2398673e+00  -3.2669965e-01
   1.2409768e+00   1.7278736e-01
   1.2417388e+00   2.7542801e-01
   1.2440319e+00   3.1881265e-01
   1.2467838e+00  -2.0697111e-01
   1.2470634e+00  -1.1563685e-01
   1.2476906e+00  -2.5504444e-01
   1.2480742e+00  -2.6876450e-02
   1.2481837e+00   1.0629982e-01
   1.2482884e+00   1.8104192e-02
   1.2489406e+00  -7.0352352e-02
   1.2494598e+00   1.9536557e-01
   1.2495243e+00   6.1382209e-02
   1.2516882e+00  -1.6257442e-01
   1.2526894e+00  -3.0148415e-01
   1.2535757e+00   1.5290407e-01
   1.2538715e+00   2.5094734e-01
   1.2556320e+00   2.9527737e-01
   1.2577464e+00  -2.3222065e-01
   1.2586025e+00  -4.3766505e-03
   1.2595480e+00   2.2276391e-01
   1.2605879e+00  -1.3945457e-01
   1.2621377e+00   1.3007524e-01
   1.2625020e+00  -9.1850008e-02
   1.2633840e+00   8.2733109e-02
   1.2636080e+00  -4.8104240e-02
   1.2636732e+00  -2.7737679e-01
   1.2640150e+00   3.9264751e-02
   1.2665320e+00   2.7064373e-01
   1.2676021e+00  -1.8528379e-01
   1.2684879e+00  -2.0890440e-01
   1.2699281e+00  -1.1483855e-01
   1.2699564e+00   1.7589040e-01
   1.2710540e+00   2.0047104e-01
   1.2712338e+00   1.0569924e-01
   1.2734005e+00  -2.5354900e-01
   1.2738963e+00  -2.7030330e-02
   1.2741429e+00   1.8231192e-02
   1.2744774e+00  -6.8325848e-02
   1.2752260e+00   5.9379928e-02
   1.2767950e+00   2.4455791e-01
   1.2771734e+00  -1.6283049e-01
   1.2791299e+00   1.5360983e-01
   1.2819722e+00  -4.4077658e-03
   1.2822750e+00  -2.2914992e-01
   1.2838119e+00  -1.3898960e-01
   1.2851685e+00   2.2050253e-01
   1.2854181e+00   1.2995567e-01
   1.2883798e+00  -9.1202411e-02
   1.2894288e+00   8.2234810e-02
   1.2905207e+00  -2.0339000e-01
   1.2911722e+00  -1.1467493e-01
   1.2923506e+00  -4.4136456e-02
   1.2925764e+00   1.0576338e-01
   1.2928228e+00   3.5191583e-02
   1.2931201e+00   1.9446265e-01
   1.2968517e+00  -1.8078740e-01
   1.2969128e+00  -6.7491414e-02
   1.2977157e+00   5.8535767e-02
   1.2991636e+00   1.7171335e-01
   1.2996328e+00  -1.9182452e-02
   1.2998168e+00   1.0200936e-02
   1.3027307e+00  -1.5659329e-01
   1.3047061e+00   1.4750420e-01
   1.3078376e+00  -1.3173480e-01
   1.3094713e+00   1.2266300e-01
   1.3122509e+00  -1.0537115e-01
   1.3135420e+00   9.6251085e-02
   1.3153371e+00  -8.1856568e-02
   1.3163229e+00   7.2723609e-02
   1.3178704e+00  -5.5383676e-02
   1.3185177e+00   4.6220489e-02
   1.3193068e+00  -3.1619301e-02
   1.3196507e+00   2.2449035e-02
   1.3199854e+00  -4.5905665e-03
