   1.0000000e+00
   2.0000000e+00
   3.0000000e+00
   4.0000000e+00
   5.0000000e+00
   6.0000000e+00
   7.0000000e+00
   8.0000000e+00
   9.0000000e+00
   1.0000000e+01
   1.1000000e+01
   1.2000000e+01
   1.3000000e+01
   1.4000000e+01
   1.5000000e+01
   1.6000000e+01
   2.1000000e+01
   2.3000000e+01
   2.8000000e+01
   3.1000000e+01
   3.5000000e+01
   3.7000000e+01
   4.6000000e+01
   4.8000000e+01
   5.8000000e+01
   6.1000000e+01
   7.2000000e+01
   7.3000000e+01
   9.4000000e+01
   9.5000000e+01
   1.1400000e+02
   1.1600000e+02
   1.4200000e+02
   1.4600000e+02
   1.6900000e+02
   1.7000000e+02
   2.0100000e+02
   2.0200000e+02
   2.3700000e+02
   2.3800000e+02
   2.7300000e+02
   2.7400000e+02
   3.0800000e+02
   3.0900000e+02
   3.3000000e+02
   3.3200000e+02
   3.5900000e+02
   3.6200000e+02
   3.8000000e+02
   3.8400000e+02
   4.0700000e+02
   4.1100000e+02
   4.2500000e+02
   4.2700000e+02
   4.4200000e+02
   4.4300000e+02
   4.5600000e+02
   4.5700000e+02
   4.6800000e+02
   4.7000000e+02
   4.7700000e+02
   4.8100000e+02
   4.8600000e+02
   4.9000000e+02
   4.9100000e+02
   4.9500000e+02
   4.9900000e+02
   5.0200000e+02
   5.0500000e+02
   5.0600000e+02
   5.0700000e+02
   5.0800000e+02
   5.0900000e+02
   5.1000000e+02
   5.1100000e+02
   5.1200000e+02
   5.1300000e+02
   5.1400000e+02
   5.1500000e+02
   5.1600000e+02
