   6.8001308e-01   6.0523781e-03
   6.8026380e-01  -2.7173384e-02
   6.8069182e-01   4.3974673e-02
   6.8147752e-01  -6.4182362e-02
   6.8241699e-01   8.1963331e-02
   6.8337381e-01  -9.6686131e-02
   6.8482486e-01   1.1535021e-01
   6.8645552e-01  -1.3307176e-01
   6.8855314e-01   1.5265043e-01
   6.9007814e-01  -1.6528988e-01
   6.9283678e-01   1.8570905e-01
   6.9523100e-01  -2.0150083e-01
   6.9883361e-01   2.2275889e-01
   7.0120629e-01  -2.3546475e-01
   7.0575983e-01   2.5760456e-01
   7.0822028e-01  -2.6855203e-01
   7.0934614e-01   2.2120085e-02
   7.0981465e-01  -4.6291631e-02
   7.1058114e-01   6.3856549e-02
   7.1376817e-01  -1.1282679e-01
   7.1386107e-01   2.9149091e-01
   7.1516273e-01   1.3212991e-01
   7.1592031e-01  -2.9922302e-01
   7.1832080e-01  -1.3415240e-02
   7.2053642e-01  -7.9844495e-02
   7.2072538e-01  -1.7796421e-01
   7.2155389e-01   9.9000269e-02
   7.2282037e-01   3.2306899e-01
   7.2337319e-01   1.9857918e-01
   7.2568897e-01  -1.4520005e-01
   7.2636326e-01  -3.3424540e-01
   7.2753076e-01   1.6547562e-01
   7.3035845e-01  -2.1159406e-01
   7.3366102e-01   2.3271694e-01
   7.3501227e-01   3.5902752e-01
   7.3560688e-01   4.2327744e-02
   7.3801596e-01  -3.6691063e-01
   7.3835800e-01  -2.4435632e-01
   7.4264206e-01  -4.8046965e-02
   7.4270777e-01   2.6592580e-01
   7.4609368e-01   9.8921469e-03
   7.4657416e-01  -1.1221228e-01
   7.4759207e-01   1.3298265e-01
   7.4779681e-01   7.4507658e-02
   7.4809289e-01  -3.0653305e-01
   7.4867860e-01   3.9237484e-01
   7.5134237e-01  -2.7456548e-01
   7.5145826e-01  -3.9843897e-01
   7.5190711e-01  -1.7769734e-01
   7.5423223e-01   1.9860162e-01
   7.5473602e-01   3.3028062e-01
   7.5623732e-01   2.9660978e-01
   7.5959662e-01  -8.0596229e-02
   7.6013950e-01  -1.9994093e-02
   7.6280475e-01  -3.3841814e-01
   7.6310389e-01   1.0430163e-01
   7.6326887e-01  -1.4501684e-01
   7.6419575e-01   4.2365818e-01
   7.6422342e-01  -2.1210480e-01
   7.6506324e-01   1.6615151e-01
   7.6689869e-01  -4.2852142e-01
   7.6743969e-01   2.3330411e-01
   7.6917220e-01   4.1980807e-02
   7.7092629e-01   3.6189038e-01
   7.7613266e-01  -3.6963105e-01
   7.7614549e-01  -2.4431802e-01
   7.8020519e-01   2.6567069e-01
   7.8053843e-01  -5.1088028e-02
   7.8070713e-01  -3.0402420e-01
   7.8208204e-01  -1.1309976e-01
   7.8341257e-01   9.9194047e-03
   7.8437915e-01   4.5648894e-01
   7.8437927e-01  -4.5648905e-01
   7.8453992e-01   1.3581391e-01
   7.8498933e-01   7.4019376e-02
   7.8504804e-01  -1.7857361e-01
   7.8600172e-01   3.2396805e-01
   7.8740840e-01   1.9988487e-01
   7.8764400e-01   3.9189520e-01
   7.9103457e-01  -4.0004331e-01
   7.9336167e-01  -2.7346354e-01
   7.9782297e-01   4.2572046e-01
   7.9798195e-01  -3.3693171e-01
   7.9866874e-01  -8.2370199e-02
   7.9872437e-01   2.9394108e-01
   7.9958480e-01  -2.0946741e-02
   7.9959661e-01  -2.1193385e-01
   8.0025226e-01  -1.4589488e-01
   8.0206112e-01   1.0520504e-01
   8.0275462e-01   1.6799908e-01
   8.0288486e-01   2.3317654e-01
   8.0413011e-01   3.5430091e-01
   8.0457580e-01   4.1927989e-02
   8.0640647e-01   4.8457855e-01
   8.0674001e-01  -4.8495176e-01
   8.0807923e-01  -4.2920487e-01
   8.1350403e-01  -3.6889832e-01
   8.1496494e-01  -2.4314787e-01
   8.1657288e-01  -3.0473365e-01
   8.1868333e-01  -5.1878645e-02
   8.1893131e-01  -1.1428771e-01
   8.1942803e-01   2.6378769e-01
   8.1993788e-01  -1.7883064e-01
   8.2074643e-01   1.0110898e-02
   8.2177337e-01   1.3680899e-01
   8.2205529e-01   7.4008360e-02
   8.2280532e-01   2.0055442e-01
   8.2316203e-01   3.2396437e-01
   8.2322108e-01   3.8049993e-01
   8.2341705e-01   4.5071564e-01
   8.2486011e-01   4.1017560e-01
   8.2697580e-01  -4.5707997e-01
   8.3031450e-01  -3.9950066e-01
   8.3171403e-01  -5.0913730e-01
   8.3301605e-01  -2.7372476e-01
   8.3392710e-01   5.1095189e-01
   8.3450015e-01  -3.3724351e-01
   8.3627142e-01  -2.1114477e-01
   8.3701320e-01  -8.3117264e-02
   8.3733975e-01  -1.4645488e-01
   8.3801631e-01  -2.0925210e-02
   8.3886964e-01   2.9344767e-01
   8.4001072e-01   1.0555892e-01
   8.4012965e-01   2.3230150e-01
   8.4025385e-01   1.6865427e-01
   8.4087541e-01   4.2127724e-02
   8.4204097e-01   4.8017862e-01
   8.4404460e-01   3.5453640e-01
   8.4887593e-01  -4.2872606e-01
   8.4990637e-01  -4.8212298e-01
   8.5071064e-01   4.2631934e-01
   8.5162272e-01  -3.6888365e-01
   8.5313890e-01  -2.4259201e-01
   8.5342183e-01  -3.0547933e-01
   8.5612341e-01  -1.7862278e-01
   8.5619405e-01  -1.1468501e-01
   8.5660443e-01  -5.1969697e-02
   8.5814632e-01   1.0557600e-02
   8.5827921e-01   2.6299370e-01
   8.5911101e-01   1.3715686e-01
   8.5918807e-01   7.4086505e-02
   8.5941633e-01  -5.2852024e-01
   8.5957334e-01   2.0037645e-01
   8.6020989e-01   3.8999761e-01
   8.6095411e-01   3.2398745e-01
   8.6120862e-01   5.2954131e-01
   8.6445770e-01   4.5633645e-01
   8.6993464e-01  -4.5548425e-01
   8.6996945e-01  -3.9926033e-01
   8.7128665e-01  -2.7397444e-01
   8.7175865e-01  -3.3761036e-01
   8.7330113e-01  -2.1056937e-01
   8.7454948e-01  -1.4640832e-01
   8.7476082e-01   4.9276617e-01
   8.7494550e-01  -8.3157660e-02
   8.7554303e-01  -5.0476053e-01
   8.7596549e-01  -2.0572172e-02
   8.7763480e-01   1.0569952e-01
   8.7776590e-01   4.2439885e-02
   8.7782764e-01   1.6869377e-01
   8.7785052e-01   2.3176415e-01
   8.7787666e-01   2.9351810e-01
   8.7953038e-01   3.5782133e-01
   8.8353570e-01   4.2176082e-01
   8.9018610e-01  -3.6901057e-01
   8.9033655e-01  -4.2770108e-01
   8.9054763e-01  -3.0585846e-01
   8.9071889e-01  -2.4221158e-01
   8.9133632e-01  -5.4299731e-01
   8.9219677e-01   5.4328527e-01
   8.9285419e-01  -1.7822434e-01
   8.9359307e-01  -1.1451144e-01
   8.9371300e-01  -4.8015732e-01
   8.9437574e-01  -5.1647626e-02
   8.9563715e-01   1.1040808e-02
   8.9649933e-01   7.4225510e-02
   8.9660551e-01   1.3719174e-01
   8.9662865e-01   2.6281088e-01
   8.9690252e-01   2.0016886e-01
   8.9735694e-01   4.5697545e-01
   8.9759237e-01   3.2596319e-01
   8.9792851e-01   3.8947416e-01
   9.0019960e-01   5.1487430e-01
   9.0881014e-01  -2.7387288e-01
   9.0929746e-01  -3.3778099e-01
   9.1020798e-01  -3.9906174e-01
   9.1034036e-01  -2.1000582e-01
   9.1072510e-01  -5.1502289e-01
   9.1178155e-01  -1.4601353e-01
   9.1268036e-01  -8.2774008e-02
   9.1275586e-01  -4.5409324e-01
   9.1375452e-01  -2.0076102e-02
   9.1504573e-01   4.2769948e-02
   9.1520298e-01   4.8522837e-01
   9.1525201e-01   1.0575349e-01
   9.1545165e-01   1.6862596e-01
   9.1556617e-01   2.9458622e-01
   9.1558350e-01   2.3155924e-01
   9.1662188e-01   3.5791279e-01
   9.1754906e-01   4.2291923e-01
   9.2460005e-01   5.5065223e-01
   9.2647217e-01  -5.5088165e-01
   9.2760587e-01  -3.0569665e-01
   9.2791692e-01  -2.4170071e-01
   9.2890418e-01  -3.6907881e-01
   9.2977323e-01  -1.7762787e-01
   9.3101553e-01  -1.1400790e-01
   9.3141839e-01  -4.8605100e-01
   9.3210617e-01  -5.1117242e-02
   9.3222100e-01  -4.2746741e-01
   9.3325884e-01   1.1518583e-02
   9.3402037e-01   7.4372828e-02
   9.3421585e-01   1.3717500e-01
   9.3425403e-01   2.6319714e-01
   9.3441486e-01   2.0007151e-01
   9.3480351e-01   3.9030725e-01
   9.3488381e-01   4.5364998e-01
   9.3489684e-01   3.2643790e-01
   9.3537810e-01   5.1828257e-01
   9.4593308e-01  -2.7342614e-01
   9.4616684e-01  -5.1932173e-01
   9.4667292e-01  -3.3738666e-01
   9.4729951e-01  -2.0927554e-01
   9.4900680e-01  -1.4536218e-01
   9.5034424e-01  -8.2173081e-02
   9.5038785e-01  -3.9965101e-01
   9.5154839e-01  -1.9534225e-02
   9.5223786e-01   4.8524163e-01
   9.5237132e-01  -4.5821658e-01
   9.5261610e-01   4.3078692e-02
   9.5294797e-01   1.0580429e-01
   9.5308071e-01   2.3168918e-01
   9.5309953e-01   1.6858088e-01
   9.5311017e-01   2.9486976e-01
   9.5364529e-01   3.5876975e-01
   9.5425941e-01   4.2170691e-01
   9.5914010e-01   5.5172642e-01
   9.6294805e-01  -5.5145233e-01
   9.6456467e-01  -3.0521259e-01
   9.6484016e-01  -2.4092400e-01
   9.6674898e-01  -1.7682087e-01
   9.6683929e-01  -3.6877950e-01
   9.6845862e-01  -1.1329580e-01
   9.6965006e-01  -4.8924290e-01
   9.6979393e-01   5.1726035e-01
   9.6987696e-01  -5.0509760e-02
   9.7103985e-01   1.1952824e-02
   9.7173100e-01   7.4516723e-02
   9.7176742e-01   2.6334296e-01
   9.7189522e-01   2.0010328e-01
   9.7191261e-01   1.3718155e-01
   9.7197588e-01   4.5338297e-01
   9.7197654e-01   3.2684531e-01
   9.7222499e-01  -4.3188164e-01
   9.7247242e-01   3.9081684e-01
   9.8243112e-01  -5.1907317e-01
   9.8273144e-01  -2.7262110e-01
   9.8377429e-01  -3.3706253e-01
   9.8418121e-01  -2.0834175e-01
   9.8623753e-01  -1.4450981e-01
   9.8788454e-01  -4.0107783e-01
   9.8803590e-01  -8.1477699e-02
   9.8934010e-01   4.8417075e-01
   9.8943638e-01  -1.9020697e-02
   9.9041444e-01   4.3335346e-02
   9.9047268e-01   2.9515279e-01
   9.9052478e-01   2.3170407e-01
   9.9066428e-01   3.5879623e-01
   9.9073351e-01   1.0585907e-01
   9.9074776e-01   1.6861562e-01
   9.9165108e-01   4.2365391e-01
   9.9278586e-01  -4.6549974e-01
   9.9449596e-01   5.4636749e-01
   9.9955902e-01  -5.4509647e-01
   1.0011474e+00  -3.0442767e-01
   1.0015646e+00  -2.3992628e-01
   1.0036604e+00  -3.6961848e-01
   1.0037395e+00  -1.7581736e-01
   1.0047648e+00   5.1363055e-01
   1.0059718e+00  -1.1248954e-01
   1.0077568e+00  -4.9915727e-02
   1.0089955e+00   1.2300339e-02
   1.0090963e+00   3.9103524e-01
   1.0091311e+00   2.6337710e-01
   1.0091934e+00   3.2705365e-01
   1.0094130e+00   2.0014961e-01
   1.0095703e+00  -4.3387895e-01
   1.0095994e+00   7.4619957e-02
   1.0096561e+00   1.3722416e-01
   1.0105204e+00   4.5722790e-01
   1.0107772e+00  -5.0074247e-01
   1.0192590e+00  -2.7163818e-01
   1.0199011e+00  -3.3661941e-01
   1.0209846e+00  -2.0719272e-01
   1.0235257e+00  -1.4358958e-01
   1.0246144e+00  -4.0297848e-01
   1.0258291e+00  -8.0793481e-02
   1.0274469e+00   4.2347262e-01
   1.0274741e+00  -1.8601938e-02
   1.0276660e+00   3.5925753e-01
   1.0277270e+00   2.9502152e-01
   1.0279720e+00   2.3181896e-01
   1.0284010e+00   4.3492861e-02
   1.0284245e+00   1.6867355e-01
   1.0285800e+00   1.0589105e-01
   1.0295515e+00   4.9215645e-01
   1.0296978e+00  -4.6575774e-01
   1.0307620e+00   5.3457242e-01
   1.0307982e+00  -5.3455757e-01
   1.0373260e+00  -3.0359500e-01
   1.0380582e+00  -2.3865971e-01
   1.0391130e+00  -3.6915793e-01
   1.0407968e+00  -1.7480561e-01
   1.0436010e+00  -1.1171921e-01
   1.0453061e+00   4.5568754e-01
   1.0458023e+00  -4.9425449e-02
   1.0459458e+00   3.9187292e-01
   1.0461237e+00   3.2662518e-01
   1.0465047e+00  -4.9421912e-01
   1.0466102e+00   2.6353431e-01
   1.0469115e+00   2.0029043e-01
   1.0471393e+00   1.2504476e-02
   1.0474228e+00   1.3725430e-01
   1.0475902e+00   7.4636578e-02
   1.0480166e+00  -4.3632641e-01
   1.0554110e+00  -2.7024583e-01
   1.0556874e+00  -3.3576411e-01
   1.0578376e+00  -2.0612255e-01
   1.0593930e+00  -4.0150140e-01
   1.0604837e+00  -5.2029042e-01
   1.0608908e+00  -1.4276920e-01
   1.0609748e+00   5.2001949e-01
   1.0624792e+00   4.8554812e-01
   1.0637711e+00  -8.0241126e-02
   1.0640245e+00   3.5805484e-01
   1.0643030e+00   4.2514167e-01
   1.0652720e+00   2.9519172e-01
   1.0653998e+00   2.3212572e-01
   1.0656976e+00  -1.8357943e-02
   1.0660919e+00   1.6875620e-01
   1.0664479e+00   1.0585790e-01
   1.0665430e+00   4.3499766e-02
   1.0716406e+00  -4.6837020e-01
   1.0730766e+00  -3.0174094e-01
   1.0745420e+00  -2.3760681e-01
   1.0746298e+00  -3.6794528e-01
   1.0779286e+00  -1.7399801e-01
   1.0812547e+00   3.8905977e-01
   1.0813751e+00  -1.1114290e-01
   1.0837347e+00   3.2664007e-01
   1.0838687e+00   4.5876789e-01
   1.0839152e+00  -4.3069837e-01
   1.0840586e+00  -4.9152967e-02
   1.0841704e+00   2.6409173e-01
   1.0842776e+00   2.0050469e-01
   1.0851646e+00   1.3726848e-01
   1.0854800e+00   1.2500099e-02
   1.0856694e+00   7.4528296e-02
   1.0886418e+00  -5.0288282e-01
   1.0908871e+00  -3.3278717e-01
   1.0918118e+00  -2.6921058e-01
   1.0930262e+00   4.9982338e-01
   1.0947604e+00  -2.0536718e-01
   1.0955396e+00  -3.9950747e-01
   1.0976352e+00   4.1903696e-01
   1.0983112e+00  -1.4224547e-01
   1.1016940e+00   3.5774535e-01
   1.1018799e+00  -7.9978792e-02
   1.1026140e+00   2.3263998e-01
   1.1031480e+00   2.9599925e-01
   1.1037328e+00   1.6883849e-01
   1.1041152e+00  -1.8387768e-02
   1.1042635e+00   1.0576027e-01
   1.1047953e+00   4.3321699e-02
   1.1054829e+00  -4.5337790e-01
   1.1089599e+00  -3.6286567e-01
   1.1096665e+00  -3.0058856e-01
   1.1109680e+00  -2.3697675e-01
   1.1142332e+00   4.4622151e-01
   1.1150394e+00  -4.8298216e-01
   1.1151262e+00  -1.7361954e-01
   1.1191523e+00   3.8837930e-01
   1.1193116e+00  -1.1096991e-01
   1.1195018e+00   4.7925805e-01
   1.1213477e+00   2.0075294e-01
   1.1215937e+00   2.6500563e-01
   1.1220153e+00   3.2769528e-01
   1.1225557e+00  -4.9255611e-02
   1.1228436e+00   1.3727617e-01
   1.1237952e+00   7.4312937e-02
   1.1240084e+00   1.2236062e-02
   1.1273702e+00  -4.2518584e-01
   1.1276262e+00  -3.9198036e-01
   1.1279062e+00  -3.3148225e-01
   1.1283811e+00  -2.6878283e-01
   1.1317898e+00  -2.0511387e-01
   1.1357252e+00  -1.4226958e-01
   1.1364922e+00   4.1815371e-01
   1.1393875e+00   2.3329107e-01
   1.1401297e+00  -8.0243891e-02
   1.1403356e+00   3.5920746e-01
   1.1410475e+00   2.9732940e-01
   1.1413931e+00   1.6889045e-01
   1.1419263e+00   1.0563884e-01
   1.1426695e+00  -1.8792193e-02
   1.1430634e+00   4.2994766e-02
   1.1431967e+00  -4.5762015e-01
   1.1463751e+00  -3.6228744e-01
   1.1466911e+00  -3.0023578e-01
   1.1471624e+00  -2.3693075e-01
   1.1474349e+00   4.5340329e-01
   1.1524172e+00  -1.7395041e-01
   1.1574408e+00  -1.1155161e-01
   1.1579188e+00   2.0091690e-01
   1.1583642e+00   3.9075792e-01
   1.1586470e+00   2.6615757e-01
   1.1596229e+00  -3.9823991e-01
   1.1604171e+00   3.2946954e-01
   1.1604562e+00   1.3736333e-01
   1.1612850e+00  -4.9937533e-02
   1.1619497e+00   7.4045933e-02
   1.1626753e+00   1.1759710e-02
   1.1650101e+00  -2.6904064e-01
   1.1650507e+00  -3.3138367e-01
   1.1682218e+00  -4.3106368e-01
   1.1690487e+00  -2.0558086e-01
   1.1717908e+00   4.2693466e-01
   1.1730305e+00  -1.4331719e-01
   1.1754619e+00   2.3387414e-01
   1.1783703e+00  -8.1409872e-02
   1.1787290e+00   2.9895072e-01
   1.1787777e+00   3.6176746e-01
   1.1792538e+00   1.0562032e-01
   1.1793051e+00   1.6893728e-01
   1.1807613e+00  -3.6477644e-01
   1.1811333e+00  -1.9497292e-02
   1.1812042e+00   4.2556076e-02
   1.1828528e+00  -2.3736548e-01
   1.1839255e+00  -3.0035510e-01
   1.1899596e+00  -1.7575861e-01
   1.1937501e+00   2.0091065e-01
   1.1937521e+00  -3.9941446e-01
   1.1937524e+00   3.9941424e-01
   1.1950987e+00   2.6704477e-01
   1.1957803e+00  -1.1366477e-01
   1.1980449e+00   1.3778448e-01
   1.1985990e+00   3.3165736e-01
   1.2000900e+00  -5.0996305e-02
   1.2001375e+00   7.3852111e-02
   1.2010995e+00  -3.3184326e-01
   1.2015192e+00   1.1023816e-02
   1.2017158e+00  -2.6886349e-01
   1.2071512e+00  -2.0730831e-01
   1.2098543e+00  -1.4697914e-01
   1.2107593e+00   2.3424369e-01
   1.2124641e+00   3.7270951e-01
   1.2147023e+00  -3.6928481e-01
   1.2158388e+00   1.0593757e-01
   1.2158561e+00  -8.2989777e-02
   1.2158942e+00   2.9973764e-01
   1.2180253e+00   1.6920893e-01
   1.2182218e+00  -2.3696571e-01
   1.2188652e+00   4.2000687e-02
   1.2192819e+00  -2.0540681e-02
   1.2209211e+00  -2.9762310e-01
   1.2280422e+00  -1.8264235e-01
   1.2283749e+00   2.0079611e-01
   1.2287476e+00   3.4650961e-01
   1.2311879e+00   2.6756068e-01
   1.2328980e+00  -3.3931567e-01
   1.2335802e+00  -1.1621404e-01
   1.2355760e+00   1.3904843e-01
   1.2383896e+00   7.3677799e-02
   1.2388758e+00  -2.6134910e-01
   1.2392003e+00  -5.2706504e-02
   1.2407357e+00   1.0200111e-02
   1.2433188e+00   3.2018262e-01
   1.2434671e+00  -1.5031682e-01
   1.2452396e+00   2.3545558e-01
   1.2476942e+00  -2.2056441e-01
   1.2481528e+00  -3.1072967e-01
   1.2506235e+00   1.0618428e-01
   1.2520973e+00  -8.5493492e-02
   1.2554645e+00   4.1657598e-02
   1.2563360e+00  -2.1820676e-02
   1.2572834e+00   2.9171729e-01
   1.2584585e+00   1.7082190e-01
   1.2602373e+00   2.0301274e-01
   1.2608778e+00  -1.8832033e-01
   1.2618251e+00  -2.8162114e-01
   1.2703865e+00   2.6122017e-01
   1.2715107e+00  -1.2073809e-01
   1.2718384e+00   1.4036945e-01
   1.2740950e+00  -1.5521523e-01
   1.2754222e+00  -2.4824138e-01
   1.2772412e+00   7.4357292e-02
   1.2788297e+00  -5.5321996e-02
   1.2806965e+00   9.7415455e-03
   1.2822760e+00   2.2914685e-01
   1.2825754e+00   1.0703459e-01
   1.2851227e+00  -8.8972205e-02
   1.2867624e+00  -2.1556805e-01
   1.2892507e+00   4.2343378e-02
   1.2901286e+00  -2.3106395e-02
   1.2930834e+00   1.9459186e-01
   1.2967239e+00  -1.8127462e-01
   1.3010561e+00   1.6387862e-01
   1.3053375e+00  -1.4447076e-01
   1.3080932e+00   1.3035934e-01
   1.3112686e+00  -1.1179859e-01
   1.3138017e+00   9.4307766e-02
   1.3160724e+00  -7.5150617e-02
   1.3173080e+00   6.2252976e-02
   1.3187316e+00  -4.2758640e-02
   1.3195334e+00   2.5944557e-02
   1.3199730e+00  -6.2443261e-03
