   1.0000000e+00
   2.0000000e+00
   3.0000000e+00
   4.0000000e+00
   5.0000000e+00
   6.0000000e+00
   7.0000000e+00
   8.0000000e+00
   9.0000000e+00
   1.0000000e+01
   1.1000000e+01
   1.2000000e+01
   1.3000000e+01
   1.4000000e+01
   1.5000000e+01
   1.6000000e+01
   1.7000000e+01
   1.8000000e+01
   1.9000000e+01
   2.0000000e+01
   2.1000000e+01
   2.4000000e+01
   2.8000000e+01
   2.9000000e+01
   3.2000000e+01
   3.8000000e+01
   4.2000000e+01
   4.3000000e+01
   4.8000000e+01
   5.0000000e+01
   5.5000000e+01
   6.0000000e+01
   6.6000000e+01
   6.8000000e+01
   8.0000000e+01
   8.4000000e+01
   8.8000000e+01
   9.4000000e+01
   1.0700000e+02
   1.1000000e+02
   1.2000000e+02
   1.3400000e+02
   1.3700000e+02
   1.5700000e+02
   1.6100000e+02
   1.8300000e+02
   1.8600000e+02
   2.1000000e+02
   2.1100000e+02
   2.3900000e+02
   2.4100000e+02
   2.7200000e+02
   2.7300000e+02
   3.0700000e+02
   3.0800000e+02
   3.4300000e+02
   3.4500000e+02
   3.9600000e+02
   4.0100000e+02
   4.3600000e+02
   4.3700000e+02
   4.9800000e+02
   5.0400000e+02
   5.4000000e+02
   5.6700000e+02
   6.0800000e+02
   6.1400000e+02
   6.7900000e+02
   6.8400000e+02
   7.4700000e+02
   7.5100000e+02
   8.2200000e+02
   8.2300000e+02
   8.9100000e+02
   8.9500000e+02
   9.6200000e+02
   9.6900000e+02
   1.0320000e+03
   1.0430000e+03
   1.1030000e+03
   1.1300000e+03
   1.1460000e+03
   1.1810000e+03
   1.2160000e+03
   1.2490000e+03
   1.2810000e+03
   1.3170000e+03
   1.3480000e+03
   1.3820000e+03
   1.3860000e+03
   1.4200000e+03
   1.4490000e+03
   1.4830000e+03
   1.4850000e+03
   1.5450000e+03
   1.5460000e+03
   1.5780000e+03
   1.5810000e+03
   1.6340000e+03
   1.6370000e+03
   1.6680000e+03
   1.6690000e+03
   1.7040000e+03
   1.7150000e+03
   1.7520000e+03
   1.7530000e+03
   1.7800000e+03
   1.7810000e+03
   1.8080000e+03
   1.8090000e+03
   1.8350000e+03
   1.8380000e+03
   1.8590000e+03
   1.8640000e+03
   1.8830000e+03
   1.8890000e+03
   1.9050000e+03
   1.9100000e+03
   1.9220000e+03
   1.9310000e+03
   1.9390000e+03
   1.9500000e+03
   1.9530000e+03
   1.9680000e+03
   1.9700000e+03
   1.9810000e+03
   1.9850000e+03
   1.9920000e+03
   1.9960000e+03
   2.0030000e+03
   2.0050000e+03
   2.0140000e+03
   2.0150000e+03
   2.0210000e+03
   2.0220000e+03
   2.0270000e+03
   2.0300000e+03
   2.0330000e+03
   2.0340000e+03
   2.0380000e+03
   2.0390000e+03
   2.0400000e+03
   2.0410000e+03
   2.0420000e+03
   2.0430000e+03
   2.0440000e+03
   2.0450000e+03
   2.0460000e+03
   2.0470000e+03
   2.0480000e+03
   2.0490000e+03
   2.0500000e+03
   2.0510000e+03
   2.0520000e+03
   2.0530000e+03
