   6.8000155e-01  -2.0809429e-03
   6.8007969e-01   1.4939875e-02
   6.8017216e-01  -2.1954972e-02
   6.8041028e-01   3.3880234e-02
   6.8063450e-01  -4.2117301e-02
   6.8092203e-01   5.0747505e-02
   6.8126908e-01  -5.9503424e-02
   6.8174432e-01   6.9706404e-02
   6.8224519e-01  -7.9018870e-02
   6.8273682e-01   8.7172302e-02
   6.8338841e-01  -9.6892889e-02
   6.8404123e-01   1.0570307e-01
   6.8485826e-01  -1.1574229e-01
   6.8541545e-01   1.2208838e-01
   6.8638687e-01  -1.3237717e-01
   6.8719830e-01   1.4034910e-01
   6.8835008e-01  -1.5087748e-01
   6.8901507e-01   1.5660034e-01
   6.9034162e-01  -1.6736473e-01
   6.9131583e-01   1.7479283e-01
   6.9285395e-01  -1.8582799e-01
   6.9290397e-01  -8.7771417e-03
   6.9312309e-01  -3.4264683e-02
   6.9375017e-01   1.9191689e-01
   6.9383284e-01   2.4850415e-02
   6.9477338e-01   5.9252349e-02
   6.9486124e-01  -6.8689273e-02
   6.9550223e-01  -2.0319744e-01
   6.9626552e-01   2.0788150e-01
   6.9786027e-01   9.6473693e-02
   6.9797002e-01   8.3575570e-03
   6.9825046e-01  -2.1949109e-01
   6.9831727e-01   4.1824781e-02
   6.9840919e-01  -1.0642517e-01
   6.9854576e-01  -5.1403288e-02
   6.9868291e-01   7.6153337e-02
   6.9903608e-01  -8.5913712e-02
   6.9943976e-01   2.2609232e-01
   7.0031869e-01   1.3047126e-01
   7.0123755e-01  -1.4075818e-01
   7.0146990e-01  -2.1331435e-02
   7.0172588e-01  -2.3813086e-01
   7.0274783e-01   2.4326300e-01
   7.0324298e-01   1.1410865e-01
   7.0382764e-01   1.6372570e-01
   7.0394830e-01  -1.2423197e-01
   7.0503615e-01  -1.7441290e-01
   7.0529963e-01  -2.5548390e-01
   7.0605898e-01   1.4728106e-01
   7.0618928e-01   2.5956196e-01
   7.0709062e-01  -1.5771828e-01
   7.0822246e-01   1.8091516e-01
   7.0928463e-01   2.5459810e-02
   7.0959257e-01   5.7764011e-02
   7.0960251e-01  -2.7443414e-01
   7.0967115e-01  -1.9164266e-01
   7.0974456e-01  -6.7840392e-02
   7.1018032e-01  -5.1502205e-03
   7.1040377e-01  -3.7147166e-02
   7.1053622e-01   2.7830677e-01
   7.1092696e-01   8.6884998e-02
   7.1125550e-01  -9.6740029e-02
   7.1129113e-01   2.1383620e-01
   7.1310395e-01  -2.2534068e-01
   7.1343170e-01   1.9707274e-01
   7.1410225e-01  -2.9241276e-01
   7.1494885e-01  -2.0786843e-01
   7.1502871e-01   2.9591341e-01
   7.1592599e-01   1.3137117e-01
   7.1627327e-01   1.0263880e-01
   7.1662855e-01   2.3071062e-01
   7.1670323e-01   4.1438425e-02
   7.1671114e-01  -1.4159065e-01
   7.1675953e-01  -1.1259169e-01
   7.1704512e-01   1.0426207e-02
   7.1757196e-01  -5.2338317e-02
   7.1778066e-01   7.1783953e-02
   7.1824992e-01  -8.1787102e-02
   7.1870783e-01   1.6413267e-01
   7.1883132e-01  -3.0964744e-01
   7.1900220e-01  -2.0920475e-02
   7.1916240e-01  -2.4178305e-01
   7.1981700e-01  -1.7447571e-01
   7.2051675e-01   3.1543350e-01
   7.2065135e-01  -2.6207749e-01
   7.2118589e-01   2.6463143e-01
   7.2232694e-01   2.4673997e-01
   7.2356182e-01  -3.2546297e-01
   7.2357856e-01   1.1742142e-01
   7.2414132e-01  -1.2748313e-01
   7.2422669e-01   1.4805693e-01
   7.2510606e-01   1.8113112e-01
   7.2515711e-01  -1.5825107e-01
   7.2631613e-01   3.3410103e-01
   7.2636026e-01  -1.9138379e-01
   7.2639659e-01   2.1297142e-01
   7.2657103e-01  -2.8024706e-01
   7.2688593e-01   2.6011874e-02
   7.2733683e-01   5.6276441e-02
   7.2766304e-01  -4.9339380e-03
   7.2780667e-01   2.8090043e-01
   7.2783997e-01   8.7537762e-02
   7.2786457e-01  -3.6484567e-02
   7.2797929e-01  -2.2273616e-01
   7.2799927e-01  -6.6745627e-02
   7.2823133e-01  -9.7588295e-02
   7.2942380e-01  -3.4339554e-01
   7.3019575e-01   3.0174799e-01
   7.3224213e-01  -2.9762569e-01
   7.3242474e-01   3.5195327e-01
   7.3242908e-01  -2.5147510e-01
   7.3246017e-01   1.9675338e-01
   7.3335731e-01   2.2947068e-01
   7.3387428e-01   1.3317736e-01
   7.3417211e-01  -2.0650104e-01
   7.3458987e-01  -1.4322213e-01
   7.3484489e-01   1.0317691e-01
   7.3497340e-01   1.6470547e-01
   7.3532628e-01  -1.1322357e-01
   7.3554229e-01  -3.6044360e-01
   7.3558210e-01   4.1102794e-02
   7.3562079e-01   1.0609904e-02
   7.3576386e-01   2.6087300e-01
   7.3599092e-01   7.1921827e-02
   7.3604518e-01  -1.7473931e-01
   7.3636350e-01  -5.1430210e-02
   7.3660449e-01  -8.2175070e-02
   7.3674869e-01  -2.0551467e-02
   7.3724819e-01   3.2003690e-01
   7.3775661e-01  -2.3613870e-01
   7.3837510e-01  -2.6770997e-01
   7.3926536e-01  -3.2963113e-01
   7.3964673e-01  -3.1349819e-01
   7.3976984e-01   3.7135967e-01
   7.4105800e-01   2.8985551e-01
   7.4155401e-01   2.4416400e-01
   7.4210349e-01  -3.7711278e-01
   7.4265520e-01   1.4905853e-01
   7.4278843e-01   1.8090434e-01
   7.4282747e-01   1.1844103e-01
   7.4310040e-01   2.1251671e-01
   7.4339583e-01  -1.2844749e-01
   7.4356610e-01  -1.5901606e-01
   7.4417984e-01  -1.9060494e-01
   7.4451404e-01  -2.8401845e-01
   7.4459467e-01   3.3715789e-01
   7.4508667e-01   2.5863467e-02
   7.4527559e-01   8.7727145e-02
   7.4528164e-01   5.6574697e-02
   7.4550449e-01  -4.8139412e-03
   7.4577600e-01  -9.7865977e-02
   7.4583278e-01   2.7381045e-01
   7.4584047e-01  -3.5912545e-02
   7.4594666e-01  -6.6756652e-02
   7.4600454e-01  -2.2053710e-01
   7.4664336e-01  -3.4623094e-01
   7.4745966e-01   3.8964552e-01
   7.4788843e-01   3.0567315e-01
   7.4816976e-01   3.5766955e-01
   7.4881364e-01  -2.5211202e-01
   7.4918656e-01  -3.9349944e-01
   7.5107051e-01   1.9641904e-01
   7.5132499e-01  -2.9966159e-01
   7.5138104e-01   2.2789114e-01
   7.5220766e-01   1.3391786e-01
   7.5241373e-01   1.6498016e-01
   7.5293787e-01  -1.4383898e-01
   7.5313867e-01   1.0340639e-01
   7.5339098e-01  -3.6250060e-01
   7.5341329e-01  -2.0530014e-01
   7.5358846e-01  -1.7471555e-01
   7.5367131e-01  -1.1344620e-01
   7.5368781e-01   2.5760363e-01
   7.5400652e-01   4.1265607e-02
   7.5408754e-01   1.0574329e-02
   7.5410293e-01   7.2220036e-02
   7.5448129e-01  -3.2927078e-01
   7.5466354e-01  -5.1285904e-02
   7.5469013e-01  -8.2317586e-02
   7.5473747e-01  -2.0284840e-02
   7.5506299e-01   3.2124497e-01
   7.5563661e-01  -2.6863127e-01
   7.5565908e-01   4.0720298e-01
   7.5566399e-01  -2.3623084e-01
   7.5677285e-01   3.7546307e-01
   7.5683137e-01  -4.0956681e-01
   7.5741068e-01   2.8888669e-01
   7.5855159e-01   3.4634882e-01
   7.5992658e-01  -3.1434091e-01
   7.6034885e-01  -3.7860133e-01
   7.6086694e-01   1.8070567e-01
   7.6088727e-01   2.1169438e-01
   7.6094699e-01   2.4205951e-01
   7.6110321e-01   1.4946093e-01
   7.6152922e-01   1.1878627e-01
   7.6207899e-01  -1.5924554e-01
   7.6214909e-01  -1.2872869e-01
   7.6258458e-01  -2.8458808e-01
   7.6264516e-01  -1.9002387e-01
   7.6305849e-01   8.7935095e-02
   7.6328986e-01   2.5968257e-02
   7.6329605e-01  -3.4616199e-01
   7.6330367e-01   5.6802080e-02
   7.6357783e-01  -9.7951208e-02
   7.6359716e-01  -4.7778995e-03
   7.6384588e-01  -3.5775335e-02
   7.6388625e-01   2.7253382e-01
   7.6388895e-01  -6.6786128e-02
   7.6393832e-01  -2.2067416e-01
   7.6447867e-01   4.2417460e-01
   7.6504308e-01  -4.2519977e-01
   7.6510623e-01   3.0458029e-01
   7.6511296e-01   3.9250575e-01
   7.6549592e-01  -2.5255619e-01
   7.6569040e-01   3.3290891e-01
   7.6660131e-01   3.6226327e-01
   7.6778145e-01  -3.9449033e-01
   7.6966934e-01   1.9595546e-01
   7.7008161e-01   2.2654096e-01
   7.7039998e-01   1.6502867e-01
   7.7045330e-01  -2.9984973e-01
   7.7059354e-01   1.3417350e-01
   7.7083563e-01  -3.6261369e-01
   7.7138640e-01  -1.4400316e-01
   7.7138887e-01   1.0350817e-01
   7.7159630e-01  -3.3020176e-01
   7.7176945e-01  -1.7458976e-01
   7.7188998e-01   2.5669876e-01
   7.7194231e-01  -1.1344543e-01
   7.7202393e-01  -2.0531597e-01
   7.7216924e-01   7.2418393e-02
   7.7226656e-01   4.1430182e-02
   7.7239918e-01   1.0638614e-02
   7.7270206e-01  -8.2365972e-02
   7.7278947e-01  -5.1266226e-02
   7.7279143e-01  -2.0252472e-02
   7.7307795e-01  -2.6880270e-01
   7.7338222e-01  -2.3662151e-01
   7.7355025e-01  -4.3984293e-01
   7.7365016e-01   4.0897045e-01
   7.7401297e-01   4.4059801e-01
   7.7433274e-01   2.8794658e-01
   7.7446561e-01   3.1827668e-01
   7.7500806e-01   3.7837583e-01
   7.7581945e-01  -4.1008875e-01
   7.7650048e-01   3.4796727e-01
   7.7834478e-01  -3.7863057e-01
   7.7921466e-01   1.8042030e-01
   7.7925925e-01  -3.1501702e-01
   7.7930339e-01   2.1094847e-01
   7.7952891e-01   1.4956788e-01
   7.7986427e-01   2.4122439e-01
   7.8001240e-01   1.1888261e-01
   7.8058775e-01  -3.4661222e-01
   7.8060221e-01  -1.5927120e-01
   7.8067051e-01  -1.2873855e-01
   7.8081733e-01  -2.8451438e-01
   7.8101781e-01  -1.9000946e-01
   7.8103191e-01   8.8019117e-02
   7.8136740e-01   5.6961528e-02
   7.8147273e-01   2.6069045e-02
   7.8153948e-01  -9.7921062e-02
   7.8170735e-01  -4.7696305e-03
   7.8185558e-01  -2.2097902e-01
   7.8186008e-01  -6.6804943e-02
   7.8187873e-01  -3.5760621e-02
   7.8194085e-01   2.7187106e-01
   7.8260544e-01   4.2489475e-01
   7.8267106e-01  -2.5276739e-01
   7.8343825e-01   3.0277436e-01
   7.8345994e-01   3.9439662e-01
   7.8437927e-01   4.5648905e-01
   7.8437965e-01  -4.5648920e-01
   7.8442929e-01   3.3295363e-01
   7.8482089e-01   3.6381919e-01
   7.8535594e-01  -4.2459735e-01
   7.8620880e-01  -3.9420310e-01
   7.8833014e-01   1.9550530e-01
   7.8860713e-01  -3.6275906e-01
   7.8867537e-01   1.6491865e-01
   7.8878899e-01   2.2587377e-01
   7.8898077e-01   1.3421653e-01
   7.8915385e-01  -2.9994168e-01
   7.8919494e-01  -4.4224802e-01
   7.8937961e-01  -3.3079390e-01
   7.8963017e-01   1.0350221e-01
   7.8982512e-01  -1.4399494e-01
   7.9005030e-01  -1.7464479e-01
   7.9017885e-01   2.5620986e-01
   7.9018898e-01  -1.1335431e-01
   7.9025493e-01   7.2509965e-02
   7.9034218e-01  -2.0551811e-01
   7.9044944e-01   4.1539726e-02
   7.9060645e-01   1.0672257e-02
   7.9072768e-01  -8.2348682e-02
   7.9080106e-01  -2.6875136e-01
   7.9085507e-01  -2.0254334e-02
   7.9086095e-01  -5.1274468e-02
   7.9114182e-01  -2.3687844e-01
   7.9204649e-01   4.4026077e-01
   7.9216418e-01   2.8697875e-01
   7.9220663e-01   4.1017593e-01
   7.9297457e-01   3.1774295e-01
   7.9328204e-01   3.7964536e-01
   7.9421306e-01   3.4861222e-01
   7.9492187e-01  -4.0895627e-01
   7.9506355e-01   4.7099832e-01
   7.9509087e-01  -4.7103316e-01
   7.9660887e-01  -3.7851689e-01
   7.9771488e-01   1.8012861e-01
   7.9787879e-01   2.1051366e-01
   7.9796136e-01   1.4951303e-01
   7.9799974e-01  -3.1537624e-01
   7.9829159e-01  -3.4684919e-01
   7.9839863e-01   1.1885257e-01
   7.9854966e-01   2.4082250e-01
   7.9901820e-01  -2.8443808e-01
   7.9901928e-01  -1.5931162e-01
   7.9907244e-01  -1.2866239e-01
   7.9911558e-01   8.8017838e-02
   7.9929362e-01  -1.9012924e-01
   7.9946233e-01   5.7035022e-02
   7.9959768e-01  -9.7840762e-02
   7.9962260e-01   2.6119979e-02
   7.9980914e-01  -4.7747681e-03
   7.9981596e-01  -2.2121484e-01
   7.9987287e-01  -6.6796172e-02
   7.9992205e-01  -3.5762927e-02
   8.0019915e-01   2.7134565e-01
   8.0021279e-01  -2.5283880e-01
   8.0140285e-01   4.2569311e-01
   8.0162072e-01   3.0228723e-01
   8.0167293e-01  -4.3553933e-01
   8.0189982e-01   3.9537234e-01
   8.0216063e-01   4.5483660e-01
   8.0254940e-01   3.3321015e-01
   8.0281802e-01   3.6449363e-01
   8.0393461e-01  -4.5426627e-01
   8.0513588e-01  -3.9371756e-01
   8.0581842e-01  -4.2165050e-01
   8.0664639e-01  -3.6271317e-01
   8.0696935e-01   1.9520627e-01
   8.0698383e-01  -4.8522366e-01
   8.0709244e-01   1.6474797e-01
   8.0718111e-01   4.8544307e-01
   8.0736619e-01   1.3414470e-01
   8.0741328e-01  -3.3108498e-01
   8.0742864e-01   2.2554731e-01
   8.0758784e-01  -2.9997743e-01
   8.0787485e-01   1.0343507e-01
   8.0818588e-01  -1.4397409e-01
   8.0831221e-01  -1.7473165e-01
   8.0837056e-01   7.2520651e-02
   8.0842084e-01  -1.1324408e-01
   8.0854081e-01  -2.0569525e-01
   8.0857820e-01   2.5592083e-01
   8.0859636e-01   4.1580096e-02
   8.0867369e-01  -2.6869231e-01
   8.0875581e-01   1.0679472e-02
   8.0878755e-01  -8.2296925e-02
   8.0892174e-01  -5.1268587e-02
   8.0892186e-01  -2.0263555e-02
   8.0899244e-01  -2.3702662e-01
   8.1016239e-01   2.8672743e-01
   8.1083246e-01   4.1097002e-01
   8.1109451e-01   3.1779114e-01
   8.1117602e-01   4.4098905e-01
   8.1146672e-01   3.8028937e-01
   8.1186989e-01   4.6993441e-01
   8.1195127e-01   3.4904163e-01
   8.1360226e-01  -4.6875419e-01
   8.1504873e-01  -4.0781880e-01
   8.1513929e-01  -3.7818828e-01
   8.1624909e-01   1.7991032e-01
   8.1628044e-01  -3.4689933e-01
   8.1639910e-01   1.4938797e-01
   8.1644638e-01  -3.1551877e-01
   8.1646183e-01   2.1028317e-01
   8.1663735e-01  -4.3973928e-01
   8.1674464e-01   1.1875755e-01
   8.1713636e-01   2.4063892e-01
   8.1717671e-01  -2.8436960e-01
   8.1726091e-01   8.7961966e-02
   8.1733958e-01  -1.5934708e-01
   8.1738432e-01  -1.2859018e-01
   8.1750803e-01  -1.9024062e-01
   8.1757774e-01   5.7039833e-02
   8.1770785e-01  -9.7749420e-02
   8.1775207e-01   2.6127670e-02
   8.1781931e-01  -2.2136834e-01
   8.1790264e-01  -4.7872820e-03
   8.1792061e-01  -6.6763694e-02
   8.1797553e-01  -2.5286725e-01
   8.1797724e-01  -3.5761485e-02
   8.1844029e-01   2.7125886e-01
   8.1857420e-01   4.9730129e-01
   8.1966816e-01   3.0231080e-01
   8.2015426e-01   4.2653156e-01
   8.2027360e-01   3.9600569e-01
   8.2049544e-01   3.3352551e-01
   8.2055336e-01  -4.9920505e-01
   8.2076502e-01   3.6493597e-01
   8.2081530e-01   4.5730461e-01
   8.2386572e-01  -4.5521845e-01
   8.2393562e-01  -4.8338444e-01
   8.2415610e-01  -4.2399905e-01
   8.2440942e-01  -3.9303303e-01
   8.2493111e-01  -3.6252600e-01
   8.2554807e-01   1.6459058e-01
   8.2555422e-01   1.9503246e-01
   8.2556282e-01  -3.3116667e-01
   8.2574572e-01   1.3402507e-01
   8.2588375e-01  -2.9995598e-01
   8.2600169e-01   2.2541466e-01
   8.2605273e-01   4.7767973e-01
   8.2612508e-01   1.0333337e-01
   8.2647201e-01  -1.4395367e-01
   8.2651043e-01   7.2478184e-02
   8.2653569e-01  -1.7479804e-01
   8.2662844e-01  -1.1315148e-01
   8.2663511e-01  -2.6863497e-01
   8.2668692e-01  -2.0581496e-01
   8.2672940e-01   4.1571259e-02
   8.2687522e-01  -8.2232600e-02
   8.2687750e-01   1.0666682e-02
   8.2691870e-01  -2.3711111e-01
   8.2694237e-01   2.5591895e-01
   8.2698942e-01  -5.1249612e-02
   8.2699397e-01  -2.0271681e-02
   8.2819211e-01   2.8681997e-01
   8.2908060e-01   3.1802824e-01
   8.2931363e-01   4.1173189e-01
   8.2934998e-01   4.4286243e-01
   8.2958676e-01   3.8077002e-01
   8.2975332e-01   3.4941582e-01
   8.3168636e-01   5.0911432e-01
   8.3325218e-01  -5.1040372e-01
   8.3333994e-01  -4.7076674e-01
   8.3358473e-01  -4.0873734e-01
   8.3390415e-01  -3.7778686e-01
   8.3430016e-01  -4.3985410e-01
   8.3446767e-01  -3.4681582e-01
   8.3475847e-01   1.7976812e-01
   8.3476398e-01  -3.1552854e-01
   8.3482210e-01   1.4925673e-01
   8.3500031e-01   2.1018953e-01
   8.3506967e-01   1.1863726e-01
   8.3531477e-01  -2.8429453e-01
   8.3543962e-01   8.7875050e-02
   8.3558904e-01  -1.5936646e-01
   8.3561163e-01   2.4066242e-01
   8.3563085e-01  -1.2853163e-01
   8.3568250e-01  -1.9031547e-01
   8.3570763e-01   5.7001855e-02
   8.3583697e-01  -9.7668388e-02
   8.3585134e-01  -2.2145961e-01
   8.3586332e-01   4.9117266e-01
   8.3587246e-01   2.6106921e-02
   8.3587291e-01  -2.5286590e-01
   8.3599386e-01  -6.6721370e-02
   8.3599429e-01  -4.8040239e-03
   8.3604516e-01  -3.5754606e-02
   8.3663898e-01   2.7140570e-01
   8.3672595e-01   4.6119160e-01
   8.3766450e-01   3.0253168e-01
   8.3828719e-01   4.2793566e-01
   8.3839980e-01   3.3386556e-01
   8.3850245e-01   3.9661042e-01
   8.3870248e-01   3.6533241e-01
   8.3934945e-01  -4.9028705e-01
   8.4257829e-01  -4.5586281e-01
   8.4281199e-01  -4.2434346e-01
   8.4296816e-01  -3.9334640e-01
   8.4338953e-01  -3.6229348e-01
   8.4378628e-01  -3.3112398e-01
   8.4398862e-01   1.6447169e-01
   8.4407074e-01   1.9495410e-01
   8.4410780e-01   1.3390163e-01
   8.4411638e-01  -2.9989182e-01
   8.4437646e-01   1.0321950e-01
   8.4448248e-01   2.2543646e-01
   8.4465473e-01  -2.6857182e-01
   8.4466714e-01   7.2407260e-02
   8.4470059e-01  -1.4393169e-01
   8.4472335e-01  -1.7483614e-01
   8.4480672e-01  -2.0588523e-01
   8.4481056e-01  -1.1307833e-01
   8.4485934e-01   4.1533743e-02
   8.4490218e-01  -2.3714768e-01
   8.4497820e-01  -8.2171708e-02
   8.4498879e-01   1.0642194e-02
   8.4506816e-01  -5.1224845e-02
   8.4507377e-01  -2.0278180e-02
   8.4524478e-01   2.5607929e-01
   8.4528920e-01   4.7615656e-01
   8.4623249e-01   2.8706193e-01
   8.4645018e-01   4.4507211e-01
   8.4672763e-01   5.2051160e-01
   8.4702841e-01   3.1833738e-01
   8.4737975e-01   4.1271104e-01
   8.4758629e-01   5.0403348e-01
   8.4760309e-01   3.4978534e-01
   8.4762329e-01   3.8124868e-01
   8.4773666e-01  -5.2120018e-01
   8.5013930e-01  -4.7331170e-01
   8.5036417e-01  -5.0295666e-01
   8.5212193e-01  -4.0893023e-01
   8.5226538e-01  -4.4031714e-01
   8.5237127e-01  -3.7785138e-01
   8.5277530e-01  -3.4668244e-01
   8.5303342e-01  -3.1546603e-01
   8.5321406e-01   1.4914779e-01
   8.5321623e-01   1.7969277e-01
   8.5337509e-01   1.1851930e-01
   8.5344936e-01  -2.8420991e-01
   8.5346218e-01   2.1020367e-01
   8.5363417e-01   8.7777650e-02
   8.5378867e-01  -1.5936989e-01
   8.5382911e-01  -1.9035611e-01
   8.5383081e-01  -1.2848327e-01
   8.5384776e-01   5.6942418e-02
   8.5385358e-01  -2.5284051e-01
   8.5390338e-01  -2.2150302e-01
   8.5396864e-01  -9.7601765e-02
   8.5398904e-01   2.4080596e-01
   8.5399095e-01   2.6071218e-02
   8.5408274e-01  -6.6679799e-02
   8.5408871e-01  -4.8226353e-03
   8.5412479e-01  -3.5745399e-02
   8.5480218e-01   2.7165650e-01
   8.5510644e-01   4.6070652e-01
   8.5565016e-01   3.0283089e-01
   8.5568805e-01   4.9052244e-01
   8.5589310e-01   4.2923918e-01
   8.5630221e-01   3.3421951e-01
   8.5649237e-01   3.9728935e-01
   8.5662053e-01   3.6573944e-01
   8.5915953e-01  -4.8760941e-01
   8.6023899e-01  -4.5686449e-01
   8.6088408e-01   5.2935839e-01
   8.6122329e-01  -4.2467679e-01
   8.6144405e-01  -3.9342722e-01
   8.6174764e-01  -3.6226912e-01
   8.6205243e-01  -3.3103406e-01
   8.6232363e-01  -2.9980446e-01
   8.6238839e-01   1.6439729e-01
   8.6244262e-01   1.3379653e-01
   8.6250864e-01   1.9495264e-01
   8.6262191e-01   1.0311151e-01
   8.6271425e-01  -2.6850170e-01
   8.6283345e-01   7.2327121e-02
   8.6287297e-01   2.2554950e-01
   8.6288194e-01  -1.7485054e-01
   8.6288711e-01  -1.4390710e-01
   8.6291295e-01  -2.0591687e-01
   8.6292662e-01  -2.3714913e-01
   8.6297030e-01  -1.1302028e-01
   8.6299067e-01   4.1483465e-02
   8.6308747e-01  -8.2119524e-02
   8.6309833e-01   1.0612724e-02
   8.6315638e-01  -5.1200441e-02
   8.6316168e-01  -2.0283825e-02
   8.6317473e-01  -5.1481078e-01
   8.6337778e-01   5.0908835e-01
   8.6349005e-01   2.5631273e-01
   8.6427746e-01   2.8736103e-01
   8.6430828e-01  -5.3124534e-01
   8.6441206e-01   4.7590084e-01
   8.6461074e-01   4.4509114e-01
   8.6497154e-01   3.1867380e-01
   8.6518611e-01   4.1351043e-01
   8.6547689e-01   3.5016179e-01
   8.6555026e-01   3.8174998e-01
   8.6901556e-01  -4.7194121e-01
   8.7011325e-01  -4.4077324e-01
   8.7052437e-01  -4.0909853e-01
   8.7057656e-01  -5.0089908e-01
   8.7077143e-01  -3.7785876e-01
   8.7105811e-01  -3.4663329e-01
   8.7128299e-01  -3.1537981e-01
   8.7156525e-01   1.4907152e-01
   8.7158772e-01  -2.8412121e-01
   8.7160994e-01   1.7967413e-01
   8.7165771e-01   1.1841913e-01
   8.7183253e-01   8.7685181e-02
   8.7184325e-01   2.1028479e-01
   8.7188611e-01  -2.5279803e-01
   8.7195312e-01  -1.5936079e-01
   8.7195630e-01  -1.9036956e-01
   8.7196952e-01  -2.2151181e-01
   8.7199417e-01   5.6877180e-02
   8.7199762e-01  -1.2844165e-01
   8.7209597e-01  -9.7547984e-02
   8.7211087e-01   2.6030410e-02
   8.7218013e-01  -6.6643350e-02
   8.7218776e-01  -4.8412697e-03
   8.7221364e-01  -3.5736504e-02
   8.7228753e-01   2.4100401e-01
   8.7293712e-01   2.7194245e-01
   8.7294904e-01   4.9292196e-01
   8.7363058e-01   4.6069982e-01
   8.7363782e-01   3.0315477e-01
   8.7395799e-01   4.2940639e-01
   8.7421163e-01   3.3457717e-01
   8.7437252e-01   3.9782423e-01
   8.7451061e-01   3.6615043e-01
   8.7498834e-01   5.2106938e-01
   8.7777947e-01   5.3777613e-01
   8.7882752e-01  -4.5621408e-01
   8.7897060e-01  -4.8616182e-01
   8.7946824e-01  -4.2491401e-01
   8.7979583e-01  -5.1845875e-01
   8.7982729e-01  -3.9349496e-01
   8.7984308e-01  -5.3865577e-01
   8.8007284e-01  -3.6224039e-01
   8.8029956e-01  -3.3097567e-01
   8.8051811e-01  -2.9971479e-01
   8.8073630e-01   1.6436491e-01
   8.8074420e-01   1.3371882e-01
   8.8080010e-01  -2.6842862e-01
   8.8085518e-01   1.0302027e-01
   8.8087032e-01   1.9500203e-01
   8.8097888e-01  -2.3712689e-01
   8.8100284e-01   7.2251069e-02
   8.8101182e-01  -2.0592044e-01
   8.8101838e-01  -1.7484693e-01
   8.8104326e-01  -1.4388005e-01
   8.8111181e-01  -1.1297294e-01
   8.8112420e-01   4.1431448e-02
   8.8118573e-01   2.2570513e-01
   8.8119785e-01  -8.2076398e-02
   8.8120958e-01   1.0583030e-02
   8.8125121e-01  -5.1178980e-02
   8.8125653e-01  -2.0289024e-02
   8.8168748e-01   2.5656747e-01
   8.8230197e-01   4.7703338e-01
   8.8232197e-01   2.8767111e-01
   8.8286321e-01   4.4513938e-01
   8.8291925e-01   3.1901230e-01
   8.8307672e-01   5.0733892e-01
   8.8321650e-01   4.1372313e-01
   8.8336338e-01   3.5053147e-01
   8.8345128e-01   3.8215862e-01
   8.8824536e-01  -4.7107391e-01
   8.8850303e-01  -4.4047311e-01
   8.8855177e-01  -5.0213185e-01
   8.8884534e-01  -4.0919997e-01
   8.8911393e-01  -3.7786962e-01
   8.8932593e-01  -3.4659048e-01
   8.8950322e-01  -3.1531157e-01
   8.8972828e-01  -2.8403747e-01
   8.8987170e-01   1.4902859e-01
   8.8991463e-01   1.1834329e-01
   8.8993969e-01   1.7969570e-01
   8.8994988e-01  -2.5274609e-01
   8.9002666e-01   8.7606788e-02
   8.9004494e-01  -2.2149719e-01
   8.9006979e-01  -1.9036300e-01
   8.9009261e-01  -1.5934231e-01
   8.9014063e-01  -1.2840425e-01
   8.9014302e-01   5.6816342e-02
   8.9015198e-01   2.1039918e-01
   8.9021676e-01  -9.7504101e-02
   8.9023296e-01   2.5991052e-02
   8.9028149e-01  -6.6612714e-02
   8.9029134e-01  -4.8584233e-03
   8.9030907e-01  -3.5728771e-02
   8.9052357e-01   2.4121654e-01
   8.9104796e-01   2.7222737e-01
   8.9156082e-01   5.2549457e-01
   8.9162872e-01   3.0347404e-01
   8.9163021e-01   4.6111711e-01
   8.9173047e-01   4.9240866e-01
   8.9211901e-01   4.2949556e-01
   8.9213094e-01   3.3492142e-01
   8.9238371e-01   3.9806401e-01
   8.9241611e-01   3.6650497e-01
   8.9270232e-01  -5.2917495e-01
   8.9429625e-01   5.4396703e-01
   8.9766935e-01  -4.8652415e-01
   8.9767494e-01  -4.5571030e-01
   8.9790204e-01  -4.2478228e-01
   8.9816134e-01  -3.9353112e-01
   8.9828232e-01  -5.4518003e-01
   8.9836584e-01  -3.6222345e-01
   8.9852952e-01  -3.3092552e-01
   8.9869478e-01  -2.9964130e-01
   8.9890029e-01  -2.6835859e-01
   8.9901042e-01   1.3366945e-01
   8.9903182e-01   1.6436498e-01
   8.9904836e-01  -2.3709053e-01
   8.9907213e-01   1.0295040e-01
   8.9910597e-01  -2.0590475e-01
   8.9913831e-01  -1.7483017e-01
   8.9916521e-01   1.9507891e-01
   8.9917021e-01   7.2186647e-02
   8.9917754e-01  -1.4385068e-01
   8.9923900e-01  -1.1293272e-01
   8.9925890e-01   4.1384521e-02
   8.9930679e-01  -8.2040679e-02
   8.9932323e-01   1.0556280e-02
   8.9935015e-01  -5.1160694e-02
   8.9935664e-01  -2.0293440e-02
   8.9943491e-01   2.2587240e-01
   8.9982381e-01  -5.1524332e-01
   8.9984526e-01   2.5681533e-01
   9.0034141e-01   5.0956900e-01
   9.0036189e-01   2.8796731e-01
   9.0063300e-01   4.7665814e-01
   9.0087389e-01   3.1933292e-01
   9.0096709e-01   4.4530162e-01
   9.0127755e-01   3.5086062e-01
   9.0134407e-01   4.1387040e-01
   9.0144091e-01   3.8242318e-01
   9.0700204e-01  -4.7108888e-01
   9.0710674e-01  -4.4020503e-01
   9.0724884e-01  -4.0913731e-01
   9.0742426e-01  -3.7787502e-01
   9.0757319e-01  -3.4656065e-01
   9.0770091e-01  -3.1525479e-01
   9.0775800e-01   5.2729947e-01
   9.0786339e-01  -2.8396708e-01
   9.0803008e-01  -2.5269153e-01
   9.0812530e-01  -2.2146790e-01
   9.0813488e-01   1.4901310e-01
   9.0814431e-01  -5.0085034e-01
   9.0814489e-01   1.1829217e-01
   9.0817316e-01  -1.9034232e-01
   9.0821174e-01   8.7546250e-02
   9.0821245e-01   1.7974115e-01
   9.0821423e-01  -1.5931673e-01
   9.0826653e-01  -1.2836909e-01
   9.0829111e-01   5.6765426e-02
   9.0833103e-01  -9.7467040e-02
   9.0835655e-01   2.5957059e-02
   9.0838431e-01  -6.6586810e-02
   9.0839856e-01  -4.8728096e-03
   9.0840039e-01   2.1052389e-01
   9.0840890e-01  -3.5721842e-02
   9.0871010e-01   2.4142119e-01
   9.0913729e-01   2.7249221e-01
   9.0926802e-01   4.9284556e-01
   9.0962173e-01   3.0377042e-01
   9.0989376e-01   4.6085250e-01
   9.1004450e-01  -5.3196612e-01
   9.1006862e-01   3.3523028e-01
   9.1014372e-01   5.4817832e-01
   9.1029390e-01   4.2963137e-01
   9.1038307e-01   3.6678349e-01
   9.1047946e-01   3.9827386e-01
   9.1632321e-01  -5.4939025e-01
   9.1635388e-01  -4.5563760e-01
   9.1642601e-01  -4.2465568e-01
   9.1652447e-01  -3.9350496e-01
   9.1663569e-01  -3.6221369e-01
   9.1673936e-01  -3.3088787e-01
   9.1685494e-01  -2.9958147e-01
   9.1688156e-01  -4.8600663e-01
   9.1700363e-01  -2.6829667e-01
   9.1712626e-01  -2.3704721e-01
   9.1719597e-01  -2.0587637e-01
   9.1719930e-01   5.0898454e-01
   9.1724284e-01   1.3364408e-01
   9.1724585e-01  -1.7480384e-01
   9.1727108e-01   1.0290184e-01
   9.1728029e-01   1.6438619e-01
   9.1729613e-01  -1.4381890e-01
   9.1733223e-01   7.2136845e-02
   9.1735537e-01  -1.1289666e-01
   9.1739331e-01   4.1346186e-02
   9.1740483e-01   1.9516611e-01
   9.1741351e-01  -8.2010060e-02
   9.1743881e-01   1.0534406e-02
   9.1745155e-01  -5.1144641e-02
   9.1746052e-01  -2.0296336e-02
   9.1763317e-01   2.2603341e-01
   9.1797011e-01   2.5704172e-01
   9.1802729e-01  -5.1704140e-01
   9.1839490e-01   2.8823576e-01
   9.1860997e-01   4.7655078e-01
   9.1883870e-01   3.1962022e-01
   9.1923230e-01   3.5113896e-01
   9.1928365e-01   4.4521077e-01
   9.1949086e-01   3.8267194e-01
   9.1953513e-01   4.1406901e-01
   9.2088670e-01   5.3605769e-01
   9.2568522e-01  -4.4015794e-01
   9.2569519e-01  -4.0909389e-01
   9.2573620e-01  -3.7786470e-01
   9.2580039e-01  -3.4654154e-01
   9.2587739e-01  -3.1521176e-01
   9.2591543e-01  -4.7085749e-01
   9.2598918e-01  -2.8390889e-01
   9.2611533e-01  -2.5263903e-01
   9.2620643e-01  -2.2143008e-01
   9.2626841e-01  -1.9031174e-01
   9.2632293e-01  -1.5928543e-01
   9.2634995e-01   1.1826216e-01
   9.2635984e-01   1.4901677e-01
   9.2638027e-01  -1.2833440e-01
   9.2638560e-01   8.7503478e-02
   9.2643629e-01   5.6726460e-02
   9.2643773e-01   1.7979741e-01
   9.2643991e-01  -9.7433961e-02
   9.2648075e-01   2.5930333e-02
   9.2648755e-01  -6.6563899e-02
   9.2650847e-01  -4.8834747e-03
   9.2651175e-01  -3.5714814e-02
   9.2656612e-01  -5.0190133e-01
   9.2660025e-01   2.1064480e-01
   9.2685720e-01   2.4160635e-01
   9.2700197e-01  -5.3448891e-01
   9.2701128e-01   4.9207807e-01
   9.2720752e-01   2.7272738e-01
   9.2746277e-01   5.2117023e-01
   9.2761648e-01   3.0403304e-01
   9.2802868e-01   3.3549885e-01
   9.2817752e-01   4.6074556e-01
   9.2838799e-01   3.6704238e-01
   9.2862685e-01   3.9852340e-01
   9.2863944e-01   4.2973985e-01
   9.2877198e-01   5.5113554e-01
   9.3457731e-01  -5.5164170e-01
   9.3489369e-01  -3.6220539e-01
   9.3489593e-01  -3.9350418e-01
   9.3492898e-01  -3.3086324e-01
   9.3494050e-01  -4.2466954e-01
   9.3499756e-01  -2.9953541e-01
   9.3508793e-01  -4.5555439e-01
   9.3510281e-01  -2.6824281e-01
   9.3520529e-01  -2.3700145e-01
   9.3528121e-01  -2.0583969e-01
   9.3534382e-01  -1.7477018e-01
   9.3540188e-01  -4.8655006e-01
   9.3540355e-01  -1.4378428e-01
   9.3544567e-01   1.3363623e-01
   9.3545267e-01   1.0287154e-01
   9.3546404e-01  -1.1286227e-01
   9.3548742e-01   7.2101542e-02
   9.3548950e-01   1.6441852e-01
   9.3551836e-01  -8.1982198e-02
   9.3552640e-01   4.1317563e-02
   9.3555470e-01  -5.1129483e-02
   9.3555581e-01   1.0518328e-02
   9.3556724e-01  -2.0296944e-02
   9.3560035e-01   1.9525228e-01
   9.3564200e-01  -5.1864364e-01
   9.3579109e-01   2.2617854e-01
   9.3606768e-01   2.5723977e-01
   9.3641722e-01   5.0578056e-01
   9.3642037e-01   2.8846989e-01
   9.3681304e-01   3.1987079e-01
   9.3690911e-01   4.7606953e-01
   9.3721070e-01   3.5139464e-01
   9.3756819e-01   3.8293154e-01
   9.3773776e-01   4.4532575e-01
   9.3782533e-01   4.1430332e-01
   9.3835304e-01   5.3598310e-01
   9.4401094e-01  -3.4653309e-01
   9.4403278e-01  -3.1518250e-01
   9.4403517e-01  -3.7787398e-01
   9.4410175e-01  -2.8386194e-01
   9.4412458e-01  -4.0914664e-01
   9.4417878e-01  -5.3558500e-01
   9.4419789e-01  -2.5258968e-01
   9.4428456e-01  -2.2138734e-01
   9.4429901e-01  -4.4020446e-01
   9.4435652e-01  -1.9027383e-01
   9.4442221e-01  -1.5924894e-01
   9.4448271e-01  -4.7115120e-01
   9.4448571e-01  -1.2829859e-01
   9.4452291e-01  -5.0273842e-01
   9.4453322e-01   1.1824797e-01
   9.4454510e-01  -9.7402392e-02
   9.4454838e-01   8.7476029e-02
   9.4455333e-01   1.4903164e-01
   9.4457775e-01   5.6699184e-02
   9.4459131e-01  -6.6542175e-02
   9.4460510e-01   2.5911338e-02
   9.4461713e-01  -3.5706714e-02
   9.4462061e-01  -4.8898903e-03
   9.4462524e-01   1.7985512e-01
   9.4476195e-01   2.1075379e-01
   9.4497286e-01   2.4176657e-01
   9.4526092e-01   2.7292913e-01
   9.4561097e-01   3.0426015e-01
   9.4599931e-01   3.3574038e-01
   9.4607006e-01   4.9041014e-01
   9.4611707e-01   5.2015298e-01
   9.4640866e-01   3.6729896e-01
   9.4667863e-01   5.5209107e-01
   9.4679720e-01   4.6073115e-01
   9.4681037e-01   3.9878543e-01
   9.4707989e-01   4.3002348e-01
   9.5293431e-01  -5.5201094e-01
   9.5309825e-01  -3.3085227e-01
   9.5312071e-01  -2.9950160e-01
   9.5313285e-01  -3.6221871e-01
   9.5319215e-01  -2.6819615e-01
   9.5323501e-01  -3.9355453e-01
   9.5324820e-01  -5.1902644e-01
   9.5328004e-01  -2.3695479e-01
   9.5336060e-01  -2.0579705e-01
   9.5343415e-01  -1.7473019e-01
   9.5344412e-01  -4.2479166e-01
   9.5350330e-01  -1.4374602e-01
   9.5356787e-01  -1.1282741e-01
   9.5361938e-01   1.0285516e-01
   9.5362251e-01  -8.1955012e-02
   9.5362454e-01   1.3363938e-01
   9.5363604e-01   7.2078820e-02
   9.5365804e-01   4.1298249e-02
   9.5365985e-01  -5.1113932e-02
   9.5366425e-01  -4.8697104e-01
   9.5366778e-01   1.6445418e-01
   9.5367417e-01   1.0508181e-02
   9.5367666e-01  -2.0294709e-02
   9.5367810e-01  -4.5583668e-01
   9.5376170e-01   1.9533029e-01
   9.5391735e-01   2.2630297e-01
   9.5414262e-01   2.5740709e-01
   9.5443712e-01   2.8866912e-01
   9.5478890e-01   3.2009169e-01
   9.5519478e-01   3.5163577e-01
   9.5525991e-01   5.3579487e-01
   9.5538161e-01   5.0469963e-01
   9.5565943e-01   3.8319855e-01
   9.5607444e-01   4.7556120e-01
   9.5613249e-01   4.1460105e-01
   9.5639096e-01   4.4564074e-01
   9.6143173e-01  -5.3519639e-01
   9.6216550e-01  -3.1516565e-01
   9.6219752e-01  -2.8382421e-01
   9.6219875e-01  -3.4654544e-01
   9.6227208e-01  -2.5254319e-01
   9.6230410e-01  -3.7792412e-01
   9.6235661e-01  -2.2134092e-01
   9.6243785e-01  -1.9022957e-01
   9.6250515e-01  -4.0925138e-01
   9.6251471e-01  -1.5920701e-01
   9.6253195e-01  -5.0276340e-01
   9.6258609e-01  -1.2826007e-01
   9.6264877e-01  -9.7370251e-02
   9.6269661e-01  -6.6520077e-02
   9.6269935e-01   1.1824422e-01
   9.6270192e-01   8.7460499e-02
   9.6271602e-01   5.6682080e-02
   9.6272260e-01   1.4905118e-01
   9.6272545e-01  -3.5696777e-02
   9.6272987e-01   2.5899612e-02
   9.6273522e-01  -4.8919631e-03
   9.6278395e-01   1.7990792e-01
   9.6282228e-01  -4.4052030e-01
   9.6289422e-01   2.1084631e-01
   9.6298275e-01  -4.7157972e-01
   9.6306339e-01   2.4189976e-01
   9.6329883e-01   2.7309758e-01
   9.6359973e-01   3.0445549e-01
   9.6396851e-01   3.3596052e-01
   9.6424584e-01   5.1944437e-01
   9.6442798e-01   3.6754888e-01
   9.6444855e-01   5.5132378e-01
   9.6499563e-01   3.9908812e-01
   9.6545261e-01   4.9011580e-01
   9.6554889e-01   4.3034755e-01
   9.6589162e-01   4.6098701e-01
   9.7104756e-01  -5.1828977e-01
   9.7122183e-01  -2.9947766e-01
   9.7122239e-01  -5.5060009e-01
   9.7124140e-01  -3.3085688e-01
   9.7126717e-01  -2.6815499e-01
   9.7134139e-01  -3.6226549e-01
   9.7134629e-01  -2.3690713e-01
   9.7143297e-01  -2.0574885e-01
   9.7151823e-01  -1.7468373e-01
   9.7153342e-01  -3.9365438e-01
   9.7159828e-01  -1.4370298e-01
   9.7166972e-01  -1.1279020e-01
   9.7172784e-01  -8.1926790e-02
   9.7176811e-01  -5.1096994e-02
   9.7177495e-01   1.0284837e-01
   9.7177975e-01   7.2066074e-02
   9.7178567e-01   1.3364801e-01
   9.7178907e-01   4.1287030e-02
   9.7178947e-01  -2.0289401e-02
   9.7179456e-01   1.0503549e-02
   9.7182314e-01   1.6448752e-01
   9.7183006e-01  -4.2500438e-01
   9.7189744e-01   1.9539573e-01
   9.7201900e-01   2.2640439e-01
   9.7208568e-01   5.3457371e-01
   9.7214581e-01  -4.8727249e-01
   9.7219826e-01   2.5754363e-01
   9.7221084e-01  -4.5637336e-01
   9.7244252e-01   2.8883593e-01
   9.7275765e-01   3.2028567e-01
   9.7317157e-01   3.5186282e-01
   9.7373435e-01   3.8347460e-01
   9.7444863e-01   4.1494954e-01
   9.7452030e-01   5.0464801e-01
   9.7511939e-01   4.4593667e-01
   9.7556661e-01   4.7622939e-01
   9.7863693e-01  -5.3354816e-01
   9.8027156e-01  -3.1515979e-01
   9.8027322e-01  -2.8379339e-01
   9.8033346e-01  -2.5249816e-01
   9.8035333e-01  -3.4657859e-01
   9.8041999e-01  -2.2129031e-01
   9.8051258e-01  -1.9017847e-01
   9.8053360e-01  -3.7801836e-01
   9.8060259e-01  -1.5915861e-01
   9.8068442e-01  -1.2821718e-01
   9.8075344e-01  -9.7335802e-02
   9.8080524e-01  -6.6496429e-02
   9.8081568e-01  -4.0943017e-01
   9.8083795e-01  -3.5684592e-02
   9.8084931e-01   8.7453522e-02
   9.8085273e-01   5.6673184e-02
   9.8085331e-01  -4.8899869e-03
   9.8085364e-01   1.1824637e-01
   9.8085617e-01   2.5894191e-02
   9.8087484e-01   1.4907043e-01
   9.8092191e-01   1.7995154e-01
   9.8100441e-01   2.1091971e-01
   9.8105009e-01  -5.0270476e-01
   9.8113363e-01   2.4200531e-01
   9.8118145e-01  -4.4083179e-01
   9.8132137e-01   2.7323404e-01
   9.8157751e-01   3.0462086e-01
   9.8161633e-01  -4.7233345e-01
   9.8192564e-01   3.3615813e-01
   9.8210496e-01   5.4895352e-01
   9.8242804e-01   3.6779640e-01
   9.8283783e-01   5.1905134e-01
   9.8315396e-01   3.9940072e-01
   9.8406214e-01   4.3074373e-01
   9.8483202e-01   4.6143165e-01
   9.8521496e-01   4.9165911e-01
   9.8929785e-01  -2.9946160e-01
   9.8932402e-01  -2.6811717e-01
   9.8935217e-01  -3.3087338e-01
   9.8936799e-01   5.3330870e-01
   9.8939973e-01  -5.4752173e-01
   9.8940053e-01  -2.3685686e-01
   9.8949724e-01  -2.0569393e-01
   9.8950656e-01  -3.6233544e-01
   9.8959728e-01  -1.7462953e-01
   9.8960305e-01  -5.1760753e-01
   9.8969120e-01  -1.4365356e-01
   9.8977257e-01  -1.1274893e-01
   9.8977659e-01  -3.9381947e-01
   9.8983681e-01  -8.1896234e-02
   9.8988132e-01  -5.1078101e-02
   9.8990708e-01  -2.0281172e-02
   9.8991831e-01   1.0503670e-02
   9.8992118e-01   4.1282436e-02
   9.8992125e-01   7.2060787e-02
   9.8992388e-01   1.0284755e-01
   9.8993541e-01   1.3365791e-01
   9.8996307e-01   1.6451459e-01
   9.9001498e-01   1.9544569e-01
   9.9010174e-01   2.2648146e-01
   9.9013910e-01  -4.2525871e-01
   9.9023687e-01   2.5764972e-01
   9.9043400e-01   2.8897082e-01
   9.9053385e-01  -4.5670758e-01
   9.9071240e-01   3.2045213e-01
   9.9106387e-01  -4.8841941e-01
   9.9112589e-01   3.5207283e-01
   9.9177893e-01   3.8375627e-01
   9.9273004e-01   4.1530400e-01
   9.9383236e-01   4.4651838e-01
   9.9453127e-01   5.0758152e-01
   9.9455170e-01   4.7696841e-01
   9.9631786e-01  -5.3181788e-01
   9.9832555e-01  -2.8376742e-01
   9.9834790e-01  -3.1516194e-01
   9.9837809e-01  -2.5245200e-01
   9.9846789e-01  -3.4662071e-01
   9.9847246e-01  -2.2123344e-01
   9.9858087e-01  -1.9011871e-01
   9.9868797e-01  -1.5910189e-01
   9.9870280e-01  -3.7813736e-01
   9.9878377e-01  -1.2816813e-01
   9.9886214e-01  -9.7297636e-02
   9.9891969e-01  -6.6470536e-02
   9.9895656e-01  -3.5670201e-02
   9.9897648e-01  -4.8845855e-03
   9.9898574e-01   2.5893948e-02
   9.9899033e-01   5.6670671e-02
   9.9899439e-01   8.7452349e-02
   9.9900171e-01   1.1825095e-01
   9.9901698e-01   1.4908587e-01
   9.9904642e-01   1.7998305e-01
   9.9907026e-01  -4.0968191e-01
   9.9909881e-01   2.1097210e-01
   9.9918734e-01   2.4208249e-01
   9.9932858e-01   2.7333827e-01
   9.9949564e-01  -4.4111191e-01
   9.9953991e-01   3.0475429e-01
   9.9986154e-01   3.3633099e-01
   9.9988044e-01  -4.7258728e-01
   1.0002588e+00   5.4491112e-01
   1.0003913e+00   3.6802893e-01
   1.0004616e+00  -5.0483063e-01
   1.0012740e+00   3.9973345e-01
   1.0024662e+00   4.3119926e-01
   1.0027897e+00   5.2461208e-01
   1.0036965e+00   4.6240486e-01
   1.0040046e+00   4.9263748e-01
   1.0073462e+00  -2.9945144e-01
   1.0073587e+00  -2.6807950e-01
   1.0074291e+00  -3.3089499e-01
   1.0074396e+00  -2.3680088e-01
   1.0075525e+00  -2.0562975e-01
   1.0076200e+00  -3.6240496e-01
   1.0076726e+00  -1.7456518e-01
   1.0077849e+00  -1.4359562e-01
   1.0078798e+00  -1.1270200e-01
   1.0079420e+00  -3.9399540e-01
   1.0079525e+00  -8.1862522e-02
   1.0080020e+00  -5.1057227e-02
   1.0080315e+00  -2.0270590e-02
   1.0080473e+00   1.0507601e-02
   1.0080566e+00   4.1283144e-02
   1.0080639e+00   7.2061014e-02
   1.0080711e+00   1.0285005e-01
   1.0080801e+00   1.3366612e-01
   1.0080946e+00   1.6453265e-01
   1.0081114e+00  -5.4267052e-01
   1.0081210e+00   1.9547809e-01
   1.0081705e+00   2.2653275e-01
   1.0082603e+00   2.5772407e-01
   1.0084100e+00   2.8907161e-01
   1.0084253e+00  -4.2560855e-01
   1.0086468e+00   3.2058580e-01
   1.0088640e+00  -4.5692365e-01
   1.0090480e+00   3.5225943e-01
   1.0091591e+00  -4.8841288e-01
   1.0097676e+00   3.8402398e-01
   1.0098091e+00  -5.2212546e-01
   1.0109459e+00   4.1573716e-01
   1.0122918e+00   4.4714400e-01
   1.0126598e+00   5.0842611e-01
   1.0135372e+00   4.7858925e-01
   1.0158657e+00   5.4017042e-01
   1.0163505e+00  -2.8374245e-01
   1.0163941e+00  -3.1516978e-01
   1.0164021e+00  -2.5240063e-01
   1.0165121e+00  -2.2116688e-01
   1.0165447e+00  -3.4665923e-01
   1.0166430e+00  -1.9004713e-01
   1.0167731e+00  -1.5903414e-01
   1.0168063e+00  -3.7822798e-01
   1.0168876e+00  -1.2811096e-01
   1.0169785e+00  -9.7254743e-02
   1.0170431e+00  -6.6442322e-02
   1.0170838e+00  -3.5654205e-02
   1.0171068e+00  -4.8766871e-03
   1.0171207e+00   2.5897839e-02
   1.0171317e+00   5.6673241e-02
   1.0171415e+00   8.7455171e-02
   1.0171494e+00   1.1825568e-01
   1.0171557e+00   1.4909514e-01
   1.0171643e+00   1.8000043e-01
   1.0171832e+00   2.1100191e-01
   1.0172280e+00   2.4212941e-01
   1.0172285e+00  -4.0992055e-01
   1.0173209e+00   2.7340702e-01
   1.0174843e+00   3.0485078e-01
   1.0177681e+00   3.3646763e-01
   1.0178349e+00  -5.0420035e-01
   1.0178721e+00  -4.4159625e-01
   1.0182473e+00  -4.7254763e-01
   1.0183069e+00   3.6824026e-01
   1.0193018e+00   4.0006101e-01
   1.0196480e+00   5.2357738e-01
   1.0207748e+00   4.3180032e-01
   1.0220883e+00   4.6321057e-01
   1.0231337e+00   4.9533855e-01
   1.0240513e+00  -5.3722329e-01
   1.0253635e+00  -2.9944205e-01
   1.0253668e+00  -2.6803672e-01
   1.0254607e+00  -2.3673498e-01
   1.0254765e+00  -3.3092011e-01
   1.0255979e+00  -2.0555218e-01
   1.0256944e+00  -3.6244856e-01
   1.0257455e+00  -1.7448715e-01
   1.0258825e+00  -1.4352663e-01
   1.0259954e+00  -1.1264808e-01
   1.0260220e+00  -3.9408857e-01
   1.0260788e+00  -8.1825489e-02
   1.0261333e+00  -5.1035070e-02
   1.0261650e+00  -2.0258734e-02
   1.0261835e+00   1.0514319e-02
   1.0261980e+00   4.1288268e-02
   1.0262114e+00   7.2065706e-02
   1.0262217e+00   1.9549142e-01
   1.0262218e+00   1.0285437e-01
   1.0262245e+00   1.6453990e-01
   1.0262262e+00   1.3367077e-01
   1.0262300e+00   2.2655661e-01
   1.0262711e+00   2.5776315e-01
   1.0263700e+00   2.8913169e-01
   1.0264829e+00  -5.1910097e-01
   1.0265579e+00   3.2067751e-01
   1.0265811e+00  -4.2593264e-01
   1.0269261e+00   3.5240325e-01
   1.0274450e+00  -4.5764638e-01
   1.0275399e+00  -4.8761230e-01
   1.0276854e+00   3.8428001e-01
   1.0290193e+00   4.1614155e-01
   1.0306580e+00   4.4798568e-01
   1.0316853e+00   4.7940411e-01
   1.0322393e+00   5.1289420e-01
   1.0329147e+00   5.3367728e-01
   1.0343439e+00  -2.8371127e-01
   1.0344019e+00  -2.5233922e-01
   1.0344081e+00  -3.1517639e-01
   1.0345368e+00  -2.2108548e-01
   1.0345990e+00  -3.4669540e-01
   1.0346994e+00  -1.8995908e-01
   1.0348608e+00  -1.5895191e-01
   1.0348730e+00  -3.7824919e-01
   1.0350001e+00  -1.2804379e-01
   1.0351069e+00  -9.7206758e-02
   1.0351793e+00  -6.6412589e-02
   1.0352224e+00  -3.5637965e-02
   1.0352462e+00  -4.8675617e-03
   1.0352597e+00   2.4214376e-01
   1.0352601e+00  -4.0998552e-01
   1.0352631e+00   2.1100792e-01
   1.0352631e+00   2.5905078e-02
   1.0352800e+00   5.6680430e-02
   1.0352820e+00   1.8000240e-01
   1.0352951e+00   8.7461353e-02
   1.0352977e+00   1.4909675e-01
   1.0353003e+00   2.7343363e-01
   1.0353026e+00   1.1825942e-01
   1.0354096e+00   3.0489821e-01
   1.0356427e+00   3.3655498e-01
   1.0358235e+00  -5.0135819e-01
   1.0360466e+00  -4.4207717e-01
   1.0361546e+00   3.6839820e-01
   1.0372397e+00   4.0038236e-01
   1.0373789e+00  -4.7371769e-01
   1.0388806e+00   4.3224610e-01
   1.0405109e+00   4.6438692e-01
   1.0407387e+00  -5.3024103e-01
   1.0407960e+00   4.9539569e-01
   1.0433450e+00  -2.6798380e-01
   1.0433460e+00  -2.9942277e-01
   1.0434605e+00  -2.3665283e-01
   1.0434656e+00  -5.1398415e-01
   1.0434948e+00  -3.3093894e-01
   1.0436327e+00  -2.0545525e-01
   1.0437645e+00  -3.6248215e-01
   1.0438182e+00  -1.7439079e-01
   1.0439883e+00  -1.4344386e-01
   1.0440684e+00  -3.9403652e-01
   1.0441242e+00  -1.1258641e-01
   1.0442201e+00  -8.1785976e-02
   1.0442734e+00   2.5776325e-01
   1.0442786e+00  -5.1013351e-02
   1.0442854e+00   2.2655197e-01
   1.0443100e+00  -2.0247358e-02
   1.0443161e+00   2.8913872e-01
   1.0443234e+00   1.9548495e-01
   1.0443287e+00   1.0522762e-02
   1.0443475e+00   4.1297608e-02
   1.0443594e+00   1.6453519e-01
   1.0443675e+00   7.2075027e-02
   1.0443801e+00   1.3367099e-01
   1.0443815e+00   1.0286033e-01
   1.0444439e+00   3.2070736e-01
   1.0445155e+00  -4.2592239e-01
   1.0447589e+00   3.5248893e-01
   1.0455039e+00   3.8445424e-01
   1.0456421e+00  -4.5848648e-01
   1.0470226e+00   4.1652822e-01
   1.0475223e+00   5.2702934e-01
   1.0481213e+00  -4.8930667e-01
   1.0487030e+00   4.4832221e-01
   1.0488617e+00   5.1008937e-01
   1.0503962e+00   4.8106447e-01
   1.0523039e+00  -2.8366959e-01
   1.0523730e+00  -2.5226035e-01
   1.0523870e+00  -3.1516403e-01
   1.0525446e+00  -2.2098162e-01
   1.0526335e+00  -3.4671759e-01
   1.0527510e+00  -1.8984849e-01
   1.0529548e+00  -1.5885138e-01
   1.0529730e+00  -3.7825963e-01
   1.0531265e+00  -1.2796530e-01
   1.0532527e+00  -9.7154434e-02
   1.0532546e+00  -4.0977038e-01
   1.0532728e+00   2.7341177e-01
   1.0532879e+00   2.4212456e-01
   1.0533186e+00   3.0487481e-01
   1.0533326e+00  -6.6383422e-02
   1.0533444e+00   2.1099020e-01
   1.0533753e+00  -3.5623897e-02
   1.0533966e+00  -4.8589321e-03
   1.0534059e+00   1.7998808e-01
   1.0534146e+00   2.5915273e-02
   1.0534380e+00   5.6692930e-02
   1.0534496e+00   1.4908994e-01
   1.0534600e+00   8.7471780e-02
   1.0534676e+00   1.1826231e-01
   1.0534812e+00   3.3656189e-01
   1.0537908e+00  -4.4190357e-01
   1.0539416e+00   3.6848631e-01
   1.0550498e+00   4.0054977e-01
   1.0559386e+00  -4.7537261e-01
   1.0570358e+00   4.3264955e-01
   1.0570538e+00  -5.0355057e-01
   1.0580452e+00  -5.2161882e-01
   1.0583403e+00   4.6424132e-01
   1.0605059e+00   4.9803234e-01
   1.0612878e+00  -2.6791248e-01
   1.0612962e+00  -2.9939213e-01
   1.0614354e+00  -2.3654479e-01
   1.0614809e+00  -3.3091979e-01
   1.0616567e+00  -2.0533105e-01
   1.0618319e+00  -3.6249537e-01
   1.0618937e+00  -1.7427090e-01
   1.0621077e+00  -1.4334520e-01
   1.0622198e+00  -3.9400083e-01
   1.0622583e+00   2.8908210e-01
   1.0622725e+00  -1.1251754e-01
   1.0622743e+00   2.5772342e-01
   1.0623075e+00   3.2063762e-01
   1.0623425e+00   2.2652056e-01
   1.0623819e+00  -8.1746372e-02
   1.0623954e+00  -4.2537847e-01
   1.0624314e+00   1.9545830e-01
   1.0624418e+00  -5.0995242e-02
   1.0624685e+00  -2.0239153e-02
   1.0624838e+00   1.0531809e-02
   1.0625058e+00   1.6451766e-01
   1.0625067e+00   4.1311892e-02
   1.0625358e+00   7.2090772e-02
   1.0625381e+00   3.5246736e-01
   1.0625487e+00   1.3366698e-01
   1.0625560e+00   1.0286945e-01
   1.0628311e+00  -4.5799375e-01
   1.0632568e+00   3.8454813e-01
   1.0635400e+00   5.1858551e-01
   1.0648930e+00   4.1659513e-01
   1.0670560e+00   4.4867156e-01
   1.0677873e+00   4.7963343e-01
   1.0691563e+00  -4.9246226e-01
   1.0702248e+00  -2.8360870e-01
   1.0703095e+00  -2.5215187e-01
   1.0703424e+00  -3.1513978e-01
   1.0705339e+00  -2.2084489e-01
   1.0706394e+00  -3.4666354e-01
   1.0707998e+00  -1.8970839e-01
   1.0710604e+00  -1.5872950e-01
   1.0710946e+00  -3.7825560e-01
   1.0712274e+00   3.0476338e-01
   1.0712495e+00   2.7334006e-01
   1.0712736e+00  -1.2787563e-01
   1.0712846e+00   3.3642264e-01
   1.0713187e+00   2.4207698e-01
   1.0714223e+00  -9.7100356e-02
   1.0714314e+00   2.1094962e-01
   1.0714532e+00  -4.4070099e-01
   1.0714925e+00  -4.0967656e-01
   1.0715079e+00  -6.6358764e-02
   1.0715419e+00   1.7995652e-01
   1.0715453e+00  -3.5615858e-02
   1.0715584e+00  -4.8531407e-03
   1.0715754e+00   2.5928530e-02
   1.0716076e+00   5.6712964e-02
   1.0716187e+00   1.4907464e-01
   1.0716410e+00   8.7489399e-02
   1.0716501e+00   3.6843193e-01
   1.0716515e+00   1.1826621e-01
   1.0718943e+00  -4.7429783e-01
   1.0728337e+00   4.0065152e-01
   1.0735721e+00  -5.1267587e-01
   1.0750839e+00   4.3235012e-01
   1.0767283e+00   4.9354527e-01
   1.0770364e+00   4.6461923e-01
   1.0772935e+00   5.1036046e-01
   1.0791872e+00  -2.6780741e-01
   1.0792085e+00  -2.9934214e-01
   1.0793820e+00  -2.3639695e-01
   1.0794654e+00  -3.3089151e-01
   1.0796638e+00  -4.5565993e-01
   1.0796709e+00  -2.0517027e-01
   1.0798656e+00  -3.6235336e-01
   1.0799768e+00  -1.7412345e-01
   1.0801749e+00   3.2044204e-01
   1.0802148e+00   2.8895846e-01
   1.0802479e+00  -1.4323036e-01
   1.0802572e+00   3.5222505e-01
   1.0802837e+00   2.5765535e-01
   1.0804043e+00   2.2646595e-01
   1.0804229e+00  -3.9399674e-01
   1.0804476e+00  -1.1244412e-01
   1.0805503e+00   1.9541071e-01
   1.0805704e+00  -8.1711350e-02
   1.0806266e+00  -5.0985866e-02
   1.0806415e+00  -2.0238021e-02
   1.0806480e+00   1.0540226e-02
   1.0806707e+00   1.6448673e-01
   1.0806760e+00   4.1332999e-02
   1.0807195e+00   7.2116900e-02
   1.0807401e+00   1.3366048e-01
   1.0807517e+00   1.0288566e-01
   1.0808078e+00  -4.2525309e-01
   1.0808957e+00   3.8446510e-01
   1.0829166e+00   4.1670434e-01
   1.0850867e+00   4.4746024e-01
   1.0861619e+00  -4.8681522e-01
   1.0875415e+00   4.8052271e-01
   1.0877038e+00  -4.6981101e-01
   1.0877071e+00  -5.0352262e-01
   1.0880965e+00  -2.8350865e-01
   1.0882048e+00  -2.5199510e-01
   1.0882680e+00  -3.1509920e-01
   1.0885047e+00  -2.2066230e-01
   1.0886883e+00  -3.4661344e-01
   1.0888502e+00  -1.8953387e-01
   1.0890953e+00   3.3610301e-01
   1.0891424e+00  -3.7792626e-01
   1.0891646e+00   3.0455494e-01
   1.0891848e+00  -1.5858567e-01
   1.0892488e+00   3.6803823e-01
   1.0892494e+00   2.7324185e-01
   1.0893542e+00   2.4200994e-01
   1.0894499e+00  -1.2777756e-01
   1.0895262e+00   2.1088645e-01
   1.0896236e+00  -9.7049860e-02
   1.0896961e+00   1.7990642e-01
   1.0897102e+00  -6.6345053e-02
   1.0897307e+00  -4.8533181e-03
   1.0897340e+00  -3.5619489e-02
   1.0897437e+00   2.5945468e-02
   1.0897896e+00   5.6744608e-02
   1.0898073e+00  -4.0977157e-01
   1.0898134e+00   1.4905201e-01
   1.0898426e+00   8.7519972e-02
   1.0898625e+00   1.1827557e-01
   1.0902352e+00  -4.4068401e-01
   1.0904506e+00   4.0057475e-01
   1.0923877e+00   5.0027490e-01
   1.0938577e+00   4.3242514e-01
   1.0943923e+00   4.6164728e-01
   1.0970344e+00  -2.6764299e-01
   1.0970686e+00  -2.9924589e-01
   1.0972990e+00  -2.3619018e-01
   1.0974379e+00  -3.3085918e-01
   1.0976799e+00  -2.0496707e-01
   1.0979858e+00   3.5173224e-01
   1.0980302e+00  -3.6225310e-01
   1.0980746e+00  -1.7394803e-01
   1.0980864e+00   3.2009873e-01
   1.0982214e+00   2.8881188e-01
   1.0983045e+00   2.5757738e-01
   1.0983189e+00   3.8384905e-01
   1.0984075e+00  -3.9329183e-01
   1.0984181e+00  -1.4310237e-01
   1.0984693e+00   2.2639094e-01
   1.0985009e+00  -4.5603672e-01
   1.0986587e+00  -1.1237220e-01
   1.0986836e+00   1.9534036e-01
   1.0987925e+00  -8.1688689e-02
   1.0988180e+00   1.0546557e-02
   1.0988282e+00  -2.0249238e-02
   1.0988361e+00  -5.0992697e-02
   1.0988530e+00   4.1363969e-02
   1.0988625e+00   1.6444247e-01
   1.0989202e+00   7.2160010e-02
   1.0989642e+00   1.3365582e-01
   1.0989756e+00   1.0291633e-01
   1.0992993e+00  -4.2575961e-01
   1.1007142e+00   4.1675027e-01
   1.1025926e+00  -4.7504731e-01
   1.1032332e+00   4.7447258e-01
   1.1032491e+00  -4.9231357e-01
   1.1047896e+00   4.4741896e-01
   1.1054254e+00   4.9064582e-01
   1.1059080e+00  -2.8333260e-01
   1.1060540e+00  -2.5176089e-01
   1.1061392e+00  -3.1500494e-01
   1.1064635e+00  -2.2042674e-01
   1.1067602e+00  -3.4659326e-01
   1.1068600e+00   3.6732056e-01
   1.1069087e+00  -1.8932565e-01
   1.1069607e+00   3.3555255e-01
   1.1071948e+00   3.0433180e-01
   1.1072794e+00   2.7315012e-01
   1.1073372e+00  -1.5842370e-01
   1.1073872e+00   2.4193124e-01
   1.1074669e+00  -4.0834827e-01
   1.1074910e+00  -3.7773027e-01
   1.1076099e+00   3.9962379e-01
   1.1076282e+00   2.1079904e-01
   1.1076657e+00  -1.2767802e-01
   1.1078655e+00  -9.7012121e-02
   1.1078754e+00   1.7983642e-01
   1.1079097e+00  -4.8634386e-03
   1.1079148e+00   2.5967042e-02
   1.1079420e+00  -3.5642267e-02
   1.1079448e+00  -6.6351711e-02
   1.1079821e+00   5.6793763e-02
   1.1080445e+00   1.4902551e-01
   1.1080690e+00   8.7572848e-02
   1.1081107e+00   1.1829880e-01
   1.1093517e+00  -4.4212361e-01
   1.1127142e+00   4.3272673e-01
   1.1145888e+00  -4.6140164e-01
   1.1147887e+00   4.6157290e-01
   1.1148224e+00  -2.6737209e-01
   1.1148603e+00  -2.9904825e-01
   1.1151955e+00  -2.3591583e-01
   1.1153522e+00  -3.3077057e-01
   1.1156921e+00  -2.0472443e-01
   1.1157594e+00   3.5087441e-01
   1.1157720e+00   3.8286718e-01
   1.1160747e+00  -4.2294801e-01
   1.1161543e+00   3.1976268e-01
   1.1161955e+00  -1.7375034e-01
   1.1162850e+00  -3.6226069e-01
   1.1162922e+00   2.8869694e-01
   1.1163256e+00   2.5750532e-01
   1.1165305e+00   2.2629508e-01
   1.1166294e+00  -1.4296947e-01
   1.1168345e+00   1.9524446e-01
   1.1169165e+00  -1.1231262e-01
   1.1169871e+00   1.0548979e-02
   1.1170120e+00  -3.9293181e-01
   1.1170258e+00  -2.0279242e-02
   1.1170325e+00   4.1408543e-02
   1.1170558e+00  -8.1689961e-02
   1.1170726e+00  -5.1025485e-02
   1.1170922e+00   1.6438689e-01
   1.1171377e+00   7.2229330e-02
   1.1172336e+00   1.3366154e-01
   1.1172356e+00   1.0297352e-01
   1.1174725e+00   4.1524493e-01
   1.1185023e+00  -4.8010148e-01
   1.1197566e+00   4.7904210e-01
   1.1236502e+00  -2.8299745e-01
   1.1238687e+00  -2.5144050e-01
   1.1239276e+00  -3.1477422e-01
   1.1244224e+00  -2.2014455e-01
   1.1244573e+00   3.6601760e-01
   1.1247652e+00  -3.4653129e-01
   1.1248830e+00   3.9837465e-01
   1.1249830e+00  -1.8909307e-01
   1.1250749e+00   3.3506687e-01
   1.1250854e+00  -4.3574609e-01
   1.1251105e+00   4.4852430e-01
   1.1253264e+00   2.7309096e-01
   1.1253390e+00   3.0417873e-01
   1.1254002e+00   2.4184320e-01
   1.1255281e+00  -1.5825414e-01
   1.1257346e+00   2.1068374e-01
   1.1259334e+00  -1.2759010e-01
   1.1260581e+00  -3.7779873e-01
   1.1260797e+00   2.5994027e-02
   1.1260885e+00  -4.8881293e-03
   1.1260896e+00   1.7974640e-01
   1.1261578e+00  -9.7001120e-02
   1.1261675e+00  -3.5692902e-02
   1.1261798e+00   5.6867265e-02
   1.1262156e+00  -6.6391021e-02
   1.1263041e+00  -4.0776956e-01
   1.1263224e+00   8.7661163e-02
   1.1263264e+00   1.4900302e-01
   1.1264083e+00   1.1835009e-01
   1.1277509e+00  -4.5123921e-01
   1.1297335e+00   4.2947821e-01
   1.1320812e+00  -4.6817035e-01
   1.1325643e+00  -2.9859392e-01
   1.1325793e+00  -2.6698918e-01
   1.1327491e+00   4.6755675e-01
   1.1330448e+00   3.8092069e-01
   1.1330888e+00  -2.3558597e-01
   1.1331517e+00  -3.3050498e-01
   1.1337173e+00  -2.0445704e-01
   1.1339182e+00   3.5022247e-01
   1.1343214e+00   2.5744538e-01
   1.1343488e+00  -1.7354506e-01
   1.1343988e+00   3.1955679e-01
   1.1344114e+00   2.8865095e-01
   1.1344614e+00  -3.6228466e-01
   1.1345769e+00   2.2617402e-01
   1.1347885e+00   4.1370344e-01
   1.1348952e+00  -1.4284784e-01
   1.1350075e+00   1.9512080e-01
   1.1351440e+00   1.0545176e-02
   1.1352049e+00   4.1469953e-02
   1.1352285e+00  -2.0334855e-02
   1.1352326e+00  -1.1228248e-01
   1.1353359e+00  -5.1095238e-02
   1.1353669e+00  -8.1730442e-02
   1.1353677e+00   7.2335367e-02
   1.1353750e+00   1.6432649e-01
   1.1355388e+00   1.0307477e-01
   1.1355654e+00   1.3369299e-01
   1.1356199e+00  -4.2183954e-01
   1.1360626e+00  -3.9309647e-01
   1.1405961e+00   4.4068290e-01
   1.1413876e+00  -2.8250602e-01
   1.1415790e+00  -3.1410707e-01
   1.1415981e+00   3.9545618e-01
   1.1416677e+00  -2.5105937e-01
   1.1422525e+00  -4.3837291e-01
   1.1423956e+00  -2.1983636e-01
   1.1425891e+00  -3.4626324e-01
   1.1426622e+00   3.6524279e-01
   1.1430794e+00  -1.8885746e-01
   1.1433582e+00   2.7307258e-01
   1.1433664e+00   2.4174133e-01
   1.1434315e+00   3.3480673e-01
   1.1435740e+00   3.0414287e-01
   1.1437693e+00  -1.5809812e-01
   1.1438429e+00   2.1053670e-01
   1.1442255e+00   2.6026367e-02
   1.1442565e+00  -4.9321938e-03
   1.1442666e+00  -1.2753540e-01
   1.1443535e+00   1.7964060e-01
   1.1443722e+00   5.6970537e-02
   1.1444058e+00  -3.5779879e-02
   1.1445102e+00  -9.7035628e-02
   1.1445240e+00  -6.6476715e-02
   1.1445648e+00  -3.7803154e-01
   1.1446002e+00   8.7800311e-02
   1.1446261e+00   4.5621020e-01
   1.1446786e+00   1.4900032e-01
   1.1447699e+00   1.1845115e-01
   1.1456281e+00  -4.5521437e-01
   1.1459550e+00  -4.0788539e-01
   1.1502423e+00   4.0968111e-01
   1.1502764e+00   4.2617343e-01
   1.1503109e+00  -2.9791078e-01
   1.1503472e+00  -2.6654573e-01
   1.1506895e+00  -3.2946983e-01
   1.1509956e+00  -2.3522811e-01
   1.1513405e+00   3.8018303e-01
   1.1517658e+00  -2.0419415e-01
   1.1522560e+00   2.5739183e-01
   1.1523357e+00  -3.6212613e-01
   1.1523593e+00   3.4994968e-01
   1.1525395e+00   2.8867957e-01
   1.1525438e+00  -1.7336147e-01
   1.1525970e+00   2.2602147e-01
   1.1527789e+00   3.1953251e-01
   1.1532103e+00   1.9497148e-01
   1.1532305e+00  -1.4276544e-01
   1.1532734e+00   1.0532652e-02
   1.1533568e+00   4.1549021e-02
   1.1534280e+00  -2.0422151e-02
   1.1535993e+00   7.2486141e-02
   1.1536176e+00  -1.1230546e-01
   1.1536230e+00  -5.1212065e-02
   1.1537303e+00  -8.1827204e-02
   1.1537331e+00   1.6427712e-01
   1.1538558e+00  -4.2396622e-01
   1.1538892e+00   1.0324200e-01
   1.1539811e+00   1.3377528e-01
   1.1553172e+00  -3.9362495e-01
   1.1578318e+00   4.4258378e-01
   1.1590880e+00  -4.4122956e-01
   1.1592062e+00  -2.8195104e-01
   1.1593488e+00  -3.1310850e-01
   1.1594530e+00  -2.5065815e-01
   1.1598568e+00  -3.4459462e-01
   1.1599570e+00   3.9532679e-01
   1.1603995e+00  -2.1953624e-01
   1.1611267e+00   3.6508953e-01
   1.1612024e+00  -1.8866032e-01
   1.1612527e+00   2.4161618e-01
   1.1613333e+00   2.7308123e-01
   1.1618485e+00   3.0422083e-01
   1.1619503e+00   3.3481775e-01
   1.1619535e+00   2.1035884e-01
   1.1620720e+00  -1.5799398e-01
   1.1623358e+00   2.6062799e-02
   1.1624001e+00  -4.9993552e-03
   1.1625435e+00   5.7103748e-02
   1.1626213e+00  -3.7821314e-01
   1.1626492e+00  -3.5909961e-02
   1.1626779e+00  -1.2754532e-01
   1.1626906e+00   1.7953392e-01
   1.1628670e+00  -6.6620928e-02
   1.1628909e+00   8.8002805e-02
   1.1629301e+00  -9.7136287e-02
   1.1631262e+00   1.4904611e-01
   1.1632096e+00   1.1863121e-01
   1.1649697e+00  -4.0977966e-01
   1.1657071e+00   4.1314637e-01
   1.1681436e+00  -2.6610103e-01
   1.1682463e+00  -2.9715991e-01
   1.1684756e+00  -3.2799459e-01
   1.1689316e+00  -2.3487501e-01
   1.1689894e+00  -3.5933499e-01
   1.1696366e+00   3.8052176e-01
   1.1696968e+00   4.2936815e-01
   1.1698522e+00  -2.0399035e-01
   1.1700918e+00   2.5732830e-01
   1.1705848e+00   2.2583413e-01
   1.1706274e+00   2.8875027e-01
   1.1707886e+00  -1.7325536e-01
   1.1709158e+00   3.5008951e-01
   1.1712235e+00   3.1967098e-01
   1.1713557e+00   1.0509599e-02
   1.1714554e+00   1.9481149e-01
   1.1714732e+00   4.1642384e-02
   1.1715339e+00  -4.2723482e-01
   1.1716137e+00  -2.0544206e-02
   1.1716492e+00  -1.4276513e-01
   1.1718141e+00   7.2680563e-02
   1.1719271e+00  -5.1383777e-02
   1.1720769e+00  -1.1240742e-01
   1.1721461e+00  -8.1994625e-02
   1.1721974e+00   1.6427240e-01
   1.1722813e+00   1.0349557e-01
   1.1725053e+00   1.3394518e-01
   1.1739064e+00  -3.9470333e-01
   1.1766975e+00   3.9745097e-01
   1.1771481e+00  -2.8139801e-01
   1.1772005e+00  -2.5026763e-01
   1.1774562e+00  -3.1206032e-01
   1.1776367e+00  -3.4247409e-01
   1.1778497e+00  -3.7346203e-01
   1.1784636e+00  -2.1930199e-01
   1.1790230e+00   2.4145772e-01
   1.1792144e+00   2.7307895e-01
   1.1793526e+00  -1.8858443e-01
   1.1794938e+00   3.6563704e-01
   1.1800743e+00   2.1016740e-01
   1.1801004e+00   3.0434706e-01
   1.1803931e+00   2.6101399e-02
   1.1804405e+00  -1.5800509e-01
   1.1805033e+00  -5.0910419e-03
   1.1805218e+00   3.3506656e-01
   1.1806750e+00   5.7257843e-02
   1.1808858e+00  -3.6084243e-02
   1.1811374e+00   1.7946397e-01
   1.1811675e+00   8.8268160e-02
   1.1811728e+00  -1.2765501e-01
   1.1812362e+00  -6.6834517e-02
   1.1814203e+00  -9.7317299e-02
   1.1816969e+00   1.4918826e-01
   1.1817347e+00   1.1892076e-01
   1.1822361e+00   4.1431523e-01
   1.1832040e+00  -4.1310389e-01
   1.1859649e+00  -2.6567224e-01
   1.1864172e+00  -2.9638493e-01
   1.1867410e+00  -3.5653519e-01
   1.1867911e+00  -3.2657819e-01
   1.1869305e+00  -2.3456829e-01
   1.1870929e+00  -3.8517911e-01
   1.1870980e+00   3.8215031e-01
   1.1878019e+00   2.5723025e-01
   1.1880064e+00  -2.0396149e-01
   1.1885500e+00   2.2562518e-01
   1.1886367e+00   2.8877960e-01
   1.1890821e+00  -1.7332835e-01
   1.1893574e+00   3.5063935e-01
   1.1893676e+00   1.0475187e-02
   1.1895431e+00   4.1742359e-02
   1.1896456e+00   3.1985724e-01
   1.1897613e+00   1.9468504e-01
   1.1897751e+00  -2.0698155e-02
   1.1899877e+00   7.2901200e-02
   1.1901542e+00  -1.4289638e-01
   1.1902361e+00  -5.1609703e-02
   1.1906036e+00  -1.1259935e-01
   1.1906124e+00  -8.2250099e-02
   1.1906907e+00   1.0383988e-01
   1.1908069e+00   1.6437898e-01
   1.1911583e+00   1.3424569e-01
   1.1937524e+00  -3.9941424e-01
   1.1937524e+00   3.9941424e-01
   1.1948688e+00  -2.4989845e-01
   1.1952387e+00  -2.8079094e-01
   1.1958950e+00  -3.1095012e-01
   1.1961522e+00  -3.4078179e-01
   1.1963112e+00  -3.6960979e-01
   1.1966418e+00   2.4127185e-01
   1.1966624e+00  -2.1926505e-01
   1.1969916e+00   2.7299622e-01
   1.1973162e+00   3.6693119e-01
   1.1975127e+00  -1.8879803e-01
   1.1982264e+00   2.1001712e-01
   1.1982825e+00   3.0435263e-01
   1.1983821e+00   2.6138862e-02
   1.1985503e+00  -5.2055534e-03
   1.1987506e+00   5.7414466e-02
   1.1988492e+00  -1.5821221e-01
   1.1989970e+00   3.3538440e-01
   1.1991004e+00  -3.6292285e-02
   1.1993842e+00   8.8570502e-02
   1.1996096e+00  -6.7118580e-02
   1.1997381e+00  -1.2786549e-01
   1.1997506e+00   1.7951782e-01
   1.1999900e+00  -9.7603887e-02
   1.2003340e+00   1.1933086e-01
   1.2004049e+00   1.4949497e-01
   1.2038330e+00  -2.6519615e-01
   1.2041021e+00   3.8505259e-01
   1.2045350e+00  -3.8443039e-01
   1.2048336e+00  -2.9536494e-01
   1.2050972e+00  -2.3439812e-01
   1.2053956e+00   2.5708889e-01
   1.2054383e+00  -3.2519056e-01
   1.2057247e+00  -3.5459143e-01
   1.2062790e+00  -2.0438773e-01
   1.2065332e+00   2.2544374e-01
   1.2065779e+00   2.8859433e-01
   1.2072820e+00   1.0428681e-02
   1.2073725e+00   3.5134467e-01
   1.2073784e+00  -1.7373301e-01
   1.2075657e+00   4.1834521e-02
   1.2079086e+00  -2.0871842e-02
   1.2079662e+00   3.1978148e-01
   1.2081008e+00   7.3115274e-02
   1.2081505e+00   1.9470564e-01
   1.2085331e+00  -5.1869709e-02
   1.2087150e+00  -1.4312255e-01
   1.2090675e+00   1.0424217e-01
   1.2091142e+00  -8.2605042e-02
   1.2091988e+00  -1.1292131e-01
   1.2095949e+00   1.6471858e-01
   1.2099399e+00   1.3469574e-01
   1.2124308e+00  -2.4953640e-01
   1.2135750e+00  -2.7979635e-01
   1.2136893e+00   3.7084141e-01
   1.2140680e+00   2.4108961e-01
   1.2145230e+00  -3.0946097e-01
   1.2145690e+00  -3.6949017e-01
   1.2147349e+00   2.7275478e-01
   1.2150124e+00  -3.3935562e-01
   1.2151815e+00  -2.1980840e-01
   1.2155643e+00  -1.8961605e-01
   1.2162924e+00   2.6170506e-02
   1.2164145e+00   3.0385853e-01
   1.2164625e+00   2.1006230e-01
   1.2165301e+00  -5.3405033e-03
   1.2167612e+00   5.7539882e-02
   1.2171676e+00  -1.5849166e-01
   1.2172299e+00   3.3524610e-01
   1.2172788e+00  -3.6502092e-02
   1.2174828e+00   8.8865326e-02
   1.2179404e+00  -6.7448391e-02
   1.2184002e+00  -1.2824495e-01
   1.2186096e+00   1.7988673e-01
   1.2186422e+00  -9.8023151e-02
   1.2189701e+00   1.1981117e-01
   1.2192027e+00   1.5002111e-01
   1.2219178e+00  -2.6428939e-01
   1.2223935e+00   3.5709925e-01
   1.2229373e+00   2.5687374e-01
   1.2234575e+00  -2.9347400e-01
   1.2237616e+00  -2.3467718e-01
   1.2240759e+00  -3.2372952e-01
   1.2241635e+00  -3.5419890e-01
   1.2246084e+00   2.8795213e-01
   1.2246396e+00  -2.0597211e-01
   1.2246493e+00   2.2545112e-01
   1.2250639e+00   1.0367903e-02
   1.2254257e+00  -1.7415780e-01
   1.2255625e+00   4.1894894e-02
   1.2260315e+00  -2.1042548e-02
   1.2261466e+00   7.3261352e-02
   1.2261638e+00   3.1876045e-01
   1.2266310e+00   1.9516231e-01
   1.2268025e+00  -5.2103155e-02
   1.2273519e+00   1.0465772e-01
   1.2274074e+00  -1.4352945e-01
   1.2276069e+00  -8.3046144e-02
   1.2278314e+00  -1.1343852e-01
   1.2285248e+00   1.6545681e-01
   1.2288142e+00   1.3519446e-01
   1.2300481e+00  -2.4884117e-01
   1.2302183e+00   3.4398652e-01
   1.2312791e+00   2.4097398e-01
   1.2322945e+00  -2.7714483e-01
   1.2326110e+00   2.7206198e-01
   1.2328589e+00  -1.9030859e-01
   1.2329197e+00  -3.0764988e-01
   1.2333923e+00  -3.3844364e-01
   1.2341229e+00   2.6186893e-02
   1.2342983e+00  -2.2268619e-01
   1.2344415e+00  -5.4892070e-03
   1.2347115e+00   5.7576794e-02
   1.2347206e+00   3.0246072e-01
   1.2348961e+00   2.1079494e-01
   1.2353776e+00   8.9067193e-02
   1.2354203e+00  -3.6656742e-02
   1.2354240e+00  -1.5893616e-01
   1.2361405e+00  -6.7735041e-02
   1.2371807e+00  -1.2894269e-01
   1.2373573e+00  -9.8586614e-02
   1.2376324e+00   1.2031968e-01
   1.2377679e+00   1.8094659e-01
   1.2378777e+00   1.5059487e-01
   1.2379171e+00   3.3030079e-01
   1.2405453e+00  -2.6021417e-01
   1.2406693e+00   2.5629192e-01
   1.2415945e+00  -2.9103021e-01
   1.2418475e+00  -2.0706743e-01
   1.2422712e+00  -3.2218043e-01
   1.2426645e+00   1.0298082e-02
   1.2428974e+00   2.8610169e-01
   1.2432466e+00   2.2616916e-01
   1.2433551e+00  -1.7472917e-01
   1.2435953e+00   4.1867990e-02
   1.2439238e+00  -2.3988669e-01
   1.2441517e+00   7.3237481e-02
   1.2442027e+00  -2.1163263e-02
   1.2450234e+00   1.9685671e-01
   1.2450619e+00  -5.2207650e-02
   1.2454390e+00   1.0499653e-01
   1.2457959e+00   3.1538778e-01
   1.2459861e+00  -8.3465044e-02
   1.2463640e+00  -1.1424962e-01
   1.2463776e+00  -1.4433590e-01
   1.2472730e+00   1.6634446e-01
   1.2478562e+00   1.3567835e-01
   1.2484702e+00   2.4082754e-01
   1.2495347e+00  -1.9105052e-01
   1.2501093e+00  -2.7368624e-01
   1.2508097e+00  -3.0536104e-01
   1.2508946e+00   2.6947849e-01
   1.2514813e+00  -2.2376182e-01
   1.2518970e+00   2.6179411e-02
   1.2522959e+00  -5.6227941e-03
   1.2526143e+00   5.7389462e-02
   1.2529432e+00   8.9061784e-02
   1.2535387e+00  -3.6645944e-02
   1.2535822e+00   2.9961902e-01
   1.2536008e+00   2.1402779e-01
   1.2536322e+00  -1.5974826e-01
   1.2540920e+00  -6.7857825e-02
   1.2560197e+00  -1.3032532e-01
   1.2560553e+00  -9.9109762e-02
   1.2561470e+00  -2.5474909e-01
   1.2562260e+00   1.5121325e-01
   1.2562869e+00   1.2073460e-01
   1.2568925e+00   1.8210406e-01
   1.2588279e+00  -2.0762886e-01
   1.2590159e+00  -2.8792006e-01
   1.2592050e+00   2.5233494e-01
   1.2600115e+00   1.0240104e-02
   1.2611353e+00   2.8318445e-01
   1.2613255e+00  -1.7582159e-01
   1.2618243e+00   4.1638882e-02
   1.2619045e+00   1.9831988e-01
   1.2621651e+00   7.2819548e-02
   1.2623652e+00  -2.3805570e-01
   1.2625573e+00  -2.1093239e-02
   1.2628721e+00   2.3265715e-01
   1.2631825e+00   1.0514988e-01
   1.2633709e+00  -5.2027934e-02
   1.2641602e+00  -8.3731818e-02
   1.2643015e+00  -1.1509029e-01
   1.2657382e+00   1.6755570e-01
   1.2658083e+00  -1.9167715e-01
   1.2658989e+00  -1.4644374e-01
   1.2668765e+00  -2.6981812e-01
   1.2671902e+00   1.3592504e-01
   1.2684130e+00   2.6609704e-01
   1.2694914e+00  -2.2103876e-01
   1.2696408e+00   2.1704501e-01
   1.2696858e+00   2.6107189e-02
   1.2699246e+00   8.8527557e-02
   1.2701374e+00  -5.6385644e-03
   1.2704871e+00   5.6762423e-02
   1.2715899e+00  -6.7660722e-02
   1.2716090e+00  -3.6226991e-02
   1.2716547e+00  -1.6297689e-01
   1.2736584e+00   1.5145771e-01
   1.2738613e+00  -2.5235100e-01
   1.2742107e+00  -1.3190527e-01
   1.2748087e+00  -9.9453427e-02
   1.2748954e+00   1.2105677e-01
   1.2754713e+00   2.4811062e-01
   1.2763537e+00   1.8417097e-01
   1.2767503e+00  -2.0311790e-01
   1.2768889e+00   2.0100840e-01
   1.2770181e+00   1.0229776e-02
   1.2794453e+00  -1.8270994e-01
   1.2802050e+00   1.0481164e-01
   1.2802997e+00  -2.3484124e-01
   1.2803045e+00   7.1618845e-02
   1.2805733e+00   4.0988358e-02
   1.2811762e+00  -1.1554239e-01
   1.2813742e+00   2.3176563e-01
   1.2813756e+00  -2.0534195e-02
   1.2817900e+00  -5.1104598e-02
   1.2819746e+00  -8.3977236e-02
   1.2830931e+00   1.6883356e-01
   1.2853094e+00  -1.4898913e-01
   1.2858863e+00   8.7492648e-02
   1.2864090e+00  -2.1667319e-01
   1.2864094e+00  -1.6663640e-01
   1.2869576e+00   2.1495463e-01
   1.2872658e+00   1.3609818e-01
   1.2876102e+00   2.6146312e-02
   1.2879731e+00  -6.7109131e-02
   1.2880496e+00  -5.6431011e-03
   1.2882390e+00   5.5024129e-02
   1.2892201e+00   1.5239978e-01
   1.2894898e+00  -3.4580269e-02
   1.2911202e+00  -1.3315404e-01
   1.2922150e+00  -1.9762225e-01
   1.2923523e+00   1.9714661e-01
   1.2929188e+00   1.2045351e-01
   1.2932853e+00   1.0278457e-02
   1.2940328e+00  -9.9761757e-02
   1.2964413e+00  -1.1640250e-01
   1.2965209e+00   1.0386621e-01
   1.2966412e+00   1.8158911e-01
   1.2969739e+00  -1.8032030e-01
   1.2984038e+00   7.0701939e-02
   1.2989634e+00  -8.3737959e-02
   1.3000757e+00  -5.0297902e-02
   1.3005719e+00   3.7979028e-02
   1.3007989e+00   1.6496703e-01
   1.3008055e+00   8.6860626e-02
   1.3013571e+00  -1.7361550e-02
   1.3015451e+00  -1.6178759e-01
   1.3029923e+00  -6.6656040e-02
   1.3039248e+00   5.4138556e-02
   1.3047596e+00   1.4725005e-01
   1.3050954e+00  -1.4564184e-01
   1.3051932e+00  -3.3574812e-02
   1.3055898e+00   2.0629366e-02
   1.3058771e+00   1.2696600e-04
   1.3078360e+00   1.3174385e-01
   1.3084227e+00  -1.2856290e-01
   1.3107389e+00   1.1511126e-01
   1.3114887e+00  -1.1039212e-01
   1.3132994e+00   9.8031801e-02
   1.3137824e+00  -9.4453973e-02
   1.3155553e+00   7.9926325e-02
   1.3158384e+00  -7.7348235e-02
   1.3171768e+00   6.3748039e-02
   1.3175738e+00  -5.9106261e-02
   1.3185623e+00   4.5522016e-02
   1.3187269e+00  -4.2838738e-02
   1.3194099e+00   2.9174092e-02
   1.3195834e+00  -2.4516953e-02
   1.3199229e+00   1.0545076e-02
   1.3199545e+00  -8.1071955e-03
