   6.8001135e-01  -5.6374073e-03
   6.8348468e-01   9.8244201e-02
   6.8353967e-01  -9.9007403e-02
   6.9358778e-01   1.9083071e-01
   6.9487207e-01  -1.9922880e-01
   7.1183085e-01   2.8354914e-01
   7.1288516e-01  -2.8771457e-01
   7.4000277e-01   3.7194233e-01
   7.4043045e-01  -3.7300723e-01
   7.7157977e-01   4.9128035e-02
   7.8102660e-01  -1.5768141e-01
   7.8437920e-01   4.5648898e-01
   7.8437927e-01  -4.5648901e-01
   7.9635749e-01  -5.3749662e-02
   7.9717386e-01   2.5864349e-01
   7.9872652e-01   1.5158368e-01
   8.2818822e-01  -2.5098420e-01
   8.3005487e-01  -3.4916148e-01
   8.4625546e-01   3.5836731e-01
   8.5332229e-01   5.2484767e-01
   8.5564336e-01  -5.2628357e-01
   8.6724580e-01   4.4457046e-02
   8.7978759e-01  -1.4428269e-01
   8.8672228e-01   2.4569106e-01
   9.0022453e-01  -4.3805165e-01
   9.0460529e-01   1.4011533e-01
   9.1400642e-01   4.4293120e-01
   9.1522338e-01  -4.8634212e-02
   9.2746624e-01  -3.3317922e-01
   9.4413802e-01  -2.2908268e-01
   9.4841937e-01   5.5208985e-01
   9.4877138e-01  -5.5208761e-01
   9.5205657e-01   3.3671942e-01
   9.7715423e-01   4.4237087e-02
   9.8408957e-01   2.2475216e-01
   9.9269721e-01  -1.3028554e-01
   1.0000666e+00  -4.3248689e-01
   1.0138063e+00   1.2920745e-01
   1.0207410e+00   4.2160196e-01
   1.0244205e+00  -3.1065948e-01
   1.0346650e+00  -3.1474426e-02
   1.0400008e+00   5.3057744e-01
   1.0409336e+00  -5.3015178e-01
   1.0512050e+00   2.9620109e-01
   1.0638979e+00  -2.1479659e-01
   1.0908768e+00  -3.8053654e-01
   1.0959192e+00   1.8973138e-01
   1.1029338e+00   7.4189070e-02
   1.1065261e+00  -1.2035935e-01
   1.1123076e+00   3.6115768e-01
   1.1212906e+00  -4.7773483e-01
   1.1234333e+00   4.7588723e-01
   1.1370301e+00  -1.9349813e-02
   1.1439316e+00  -2.8719064e-01
   1.1659024e+00   2.6029654e-01
   1.1870161e+00  -1.9020778e-01
   1.1937521e+00   3.9941431e-01
   1.1937522e+00  -3.9941426e-01
   1.1965813e+00   1.4701742e-01
   1.2175074e+00  -8.1585195e-02
   1.2211810e+00   4.0219180e-02
   1.2426013e+00   3.2155303e-01
   1.2441576e+00  -3.1857033e-01
   1.2800699e+00  -2.3549280e-01
   1.2815542e+00   2.3124544e-01
   1.3051857e+00  -1.4520620e-01
   1.3066595e+00   1.3789077e-01
   1.3184994e+00   4.6504656e-02
   1.3185557e+00  -4.5625070e-02
