   1.0000000e+00
   2.0000000e+00
   3.0000000e+00
   4.0000000e+00
   5.0000000e+00
   6.0000000e+00
   7.0000000e+00
   8.0000000e+00
   9.0000000e+00
   1.0000000e+01
   1.2000000e+01
   1.5000000e+01
   2.2000000e+01
   2.3000000e+01
   3.0000000e+01
   3.4000000e+01
   4.5000000e+01
   5.4000000e+01
   6.2000000e+01
   7.2000000e+01
   8.0000000e+01
   8.9000000e+01
   9.2000000e+01
   1.0000000e+02
   1.0600000e+02
   1.1300000e+02
   1.1400000e+02
   1.1800000e+02
   1.2000000e+02
   1.2500000e+02
   1.2600000e+02
   1.2700000e+02
   1.2800000e+02
   1.2900000e+02
   1.3000000e+02
   1.3100000e+02
   1.3200000e+02
   1.3300000e+02
