   6.8026507e-01   2.7238736e-02
   6.8081710e-01  -4.7781056e-02
   6.8315112e-01   9.3474803e-02
   6.8468101e-01  -1.1364418e-01
   6.9055538e-01   1.6902671e-01
   6.9323456e-01  -1.8844236e-01
   7.0135276e-01   2.3622031e-01
   7.0500056e-01  -2.5409274e-01
   7.1966100e-01   3.1251757e-01
   7.2424228e-01  -3.2763388e-01
   7.4116440e-01  -1.0980492e-02
   7.4373291e-01   3.8102168e-01
   7.4639074e-01   1.2163244e-01
   7.4838964e-01  -1.4311190e-01
   7.5004639e-01  -3.9538619e-01
   7.6342904e-01   5.4329594e-02
   7.6435896e-01  -7.6491353e-02
   7.6530654e-01   2.5459246e-01
   7.7011475e-01  -2.7016649e-01
   7.7421002e-01   1.8492401e-01
   7.7805730e-01  -2.0591558e-01
   7.8437920e-01   4.5648900e-01
   7.8437927e-01  -4.5648905e-01
   7.9790717e-01   3.1689162e-01
   7.9907781e-01  -3.3504800e-01
   8.0525295e-01   3.9477055e-01
   8.1288088e-01  -1.1652601e-02
   8.1762206e-01   1.1477370e-01
   8.1956148e-01  -1.3813415e-01
   8.3091312e-01   5.0846832e-01
   8.3205195e-01  -3.9256057e-01
   8.3236554e-01   2.4030868e-01
   8.3834139e-01  -2.6930298e-01
   8.4594974e-01  -5.1997457e-01
   8.4863961e-01   4.9704989e-02
   8.4901341e-01  -7.4305658e-02
   8.5426765e-01  -4.5165489e-01
   8.5771277e-01  -2.0252923e-01
   8.5788984e-01   1.7373831e-01
   8.5871746e-01   3.5926664e-01
   8.6745635e-01   4.3482862e-01
   8.7680116e-01   2.9475882e-01
   8.7754216e-01  -3.3760663e-01
   8.9275089e-01  -1.2787716e-02
   8.9302224e-01   5.4355696e-01
   8.9620194e-01  -1.3718998e-01
   8.9700826e-01   1.0766615e-01
   9.0871522e-01  -2.6871294e-01
   9.1030135e-01   2.3095539e-01
   9.1158242e-01   4.8396858e-01
   9.1340073e-01  -4.8355494e-01
   9.1604982e-01  -4.0760552e-01
   9.2119598e-01   3.6594071e-01
   9.2464538e-01  -5.5065805e-01
   9.3209835e-01  -7.4277588e-02
   9.3401392e-01   4.5569157e-02
   9.3550667e-01  -2.0216465e-01
   9.4019328e-01   1.6536606e-01
   9.4907937e-01  -3.3824842e-01
   9.5181060e-01   4.2461801e-01
   9.5196024e-01   2.9965802e-01
   9.6352208e-01   5.5140456e-01
   9.7458067e-01  -4.7699621e-01
   9.7459010e-01  -1.3669837e-01
   9.7611891e-01  -1.5090133e-02
   9.8026874e-01   1.0203728e-01
   9.8064054e-01  -2.7018945e-01
   9.8436080e-01   2.2928204e-01
   9.8550996e-01   4.8608129e-01
   9.8946271e-01  -4.0530814e-01
   9.9718084e-01   3.6807144e-01
   1.0031134e+00  -5.4413060e-01
   1.0110083e+00  -2.0145540e-01
   1.0151997e+00  -7.5310217e-02
   1.0196774e+00   4.0871529e-02
   1.0199242e+00   1.6272721e-01
   1.0224944e+00  -3.3885985e-01
   1.0246789e+00   2.9426174e-01
   1.0345528e+00   4.4069700e-01
   1.0376355e+00   5.3163828e-01
   1.0440251e+00  -4.6371071e-01
   1.0524656e+00  -2.6732166e-01
   1.0543630e+00  -1.3696531e-01
   1.0602241e+00   2.2735441e-01
   1.0620505e+00  -1.9165201e-02
   1.0636060e+00   9.8194668e-02
   1.0642603e+00   3.5853670e-01
   1.0679357e+00  -4.0472933e-01
   1.0736071e+00  -5.1265438e-01
   1.0863110e+00  -2.0068334e-01
   1.0936516e+00  -3.3008339e-01
   1.0960375e+00   4.9766636e-01
   1.0974472e+00   1.6068766e-01
   1.0976802e+00   4.1694948e-01
   1.0991795e+00  -7.8693430e-02
   1.1010789e+00   2.9306035e-01
   1.1045750e+00   3.5634011e-02
   1.1281266e+00  -2.6355567e-01
   1.1323389e+00  -3.9131633e-01
   1.1349949e+00  -4.6547474e-01
   1.1354955e+00   2.2735613e-01
   1.1363853e+00  -1.4072210e-01
   1.1425157e+00   3.5717777e-01
   1.1465812e+00   9.6010886e-02
   1.1503753e+00  -2.7015338e-02
   1.1507395e+00   4.5003863e-01
   1.1622666e+00  -2.0064855e-01
   1.1694841e+00  -3.2065858e-01
   1.1713938e+00   1.6002822e-01
   1.1783113e+00   2.9401343e-01
   1.1827848e+00  -9.2144880e-02
   1.1852903e+00   3.3121667e-02
   1.1937521e+00   3.9941446e-01
   1.1937523e+00  -3.9941438e-01
   1.2081096e+00  -2.5104107e-01
   1.2091763e+00   2.2993415e-01
   1.2230665e+00  -1.6776316e-01
   1.2301961e+00   3.4402477e-01
   1.2306633e+00   9.7857865e-02
   1.2335001e+00  -3.3825293e-01
   1.2369225e+00  -3.1956138e-02
   1.2393291e+00   1.6386586e-01
   1.2513553e+00  -1.0123489e-01
   1.2580981e+00   3.3587065e-02
   1.2615586e+00   2.8222638e-01
   1.2633704e+00  -2.7807782e-01
   1.2869222e+00   2.1506613e-01
   1.2873101e+00  -2.1384248e-01
   1.3049498e+00  -1.4634104e-01
   1.3060615e+00   1.4090724e-01
   1.3161858e+00   7.4062719e-02
   1.3165578e+00  -7.0370834e-02
   1.3199957e+00  -2.5108785e-03
