   1.0000000e+00
   2.0000000e+00
   3.0000000e+00
   4.0000000e+00
   5.0000000e+00
   6.0000000e+00
   7.0000000e+00
   8.0000000e+00
   9.0000000e+00
   1.0000000e+01
   1.1000000e+01
   1.2000000e+01
   1.3000000e+01
   1.4000000e+01
   1.5000000e+01
   1.6000000e+01
   1.7000000e+01
   1.8000000e+01
   1.9000000e+01
   2.0000000e+01
   2.1000000e+01
   2.2000000e+01
   2.3000000e+01
   2.7000000e+01
   2.8000000e+01
   3.1000000e+01
   3.2000000e+01
   3.7000000e+01
   3.8000000e+01
   4.7000000e+01
   4.8000000e+01
   5.3000000e+01
   5.4000000e+01
   5.9000000e+01
   6.0000000e+01
   7.0000000e+01
   7.1000000e+01
   8.0000000e+01
   8.3000000e+01
   9.4000000e+01
   9.5000000e+01
   1.1000000e+02
   1.1300000e+02
   1.2100000e+02
   1.2400000e+02
   1.4100000e+02
   1.4200000e+02
   1.6600000e+02
   1.6700000e+02
   1.9200000e+02
   1.9300000e+02
   2.1900000e+02
   2.2000000e+02
   2.4700000e+02
   2.4900000e+02
   2.8000000e+02
   2.8100000e+02
   3.1500000e+02
   3.1800000e+02
   3.5100000e+02
   3.5200000e+02
   4.0100000e+02
   4.0500000e+02
   4.5000000e+02
   4.5100000e+02
   5.0700000e+02
   5.1300000e+02
   5.5400000e+02
   5.5500000e+02
   6.2500000e+02
   6.2600000e+02
   6.9200000e+02
   6.9700000e+02
   7.6700000e+02
   7.6900000e+02
   8.4000000e+02
   8.4200000e+02
   9.1300000e+02
   9.1500000e+02
   9.8600000e+02
   9.8800000e+02
   1.0570000e+03
   1.0610000e+03
   1.1310000e+03
   1.1330000e+03
   1.1940000e+03
   1.2040000e+03
   1.2400000e+03
   1.2750000e+03
   1.3100000e+03
   1.3440000e+03
   1.3790000e+03
   1.4090000e+03
   1.4460000e+03
   1.4470000e+03
   1.5130000e+03
   1.5140000e+03
   1.5690000e+03
   1.5750000e+03
   1.6090000e+03
   1.6100000e+03
   1.6700000e+03
   1.6710000e+03
   1.7020000e+03
   1.7030000e+03
   1.7510000e+03
   1.7530000e+03
   1.7900000e+03
   1.7910000e+03
   1.8180000e+03
   1.8190000e+03
   1.8550000e+03
   1.8580000e+03
   1.8850000e+03
   1.8880000e+03
   1.9130000e+03
   1.9160000e+03
   1.9380000e+03
   1.9390000e+03
   1.9560000e+03
   1.9600000e+03
   1.9730000e+03
   1.9770000e+03
   1.9920000e+03
   1.9930000e+03
   2.0100000e+03
   2.0110000e+03
   2.0250000e+03
   2.0260000e+03
   2.0360000e+03
   2.0380000e+03
   2.0470000e+03
   2.0480000e+03
   2.0580000e+03
   2.0590000e+03
   2.0640000e+03
   2.0650000e+03
   2.0680000e+03
   2.0720000e+03
   2.0780000e+03
   2.0790000e+03
   2.0830000e+03
   2.0840000e+03
   2.0850000e+03
   2.0860000e+03
   2.0870000e+03
   2.0880000e+03
   2.0890000e+03
   2.0900000e+03
   2.0910000e+03
   2.0920000e+03
   2.0930000e+03
   2.0940000e+03
   2.0950000e+03
   2.0960000e+03
   2.0970000e+03
   2.0980000e+03
   2.0990000e+03
   2.1000000e+03
   2.1010000e+03
