   6.8000013e-01   5.8628514e-04
   6.8008793e-01  -1.5692664e-02
   6.8010160e-01   1.6868116e-02
   6.8040834e-01  -3.3800432e-02
   6.8043727e-01   3.4975138e-02
   6.8087465e-01  -4.9430416e-02
   6.8091680e-01   5.0603962e-02
   6.8160712e-01  -6.6923787e-02
   6.8166420e-01   6.8095618e-02
   6.8243920e-01  -8.2336053e-02
   6.8250959e-01   8.3506114e-02
   6.8358449e-01  -9.9625076e-02
   6.8366998e-01   1.0079203e-01
   6.8486212e-01  -1.1578757e-01
   6.8496217e-01   1.1695384e-01
   6.8621711e-01  -1.3064224e-01
   6.8633094e-01   1.3180834e-01
   6.8798075e-01  -1.4759182e-01
   6.8811072e-01   1.4875726e-01
   6.8974460e-01  -1.6262002e-01
   6.8988953e-01   1.6378623e-01
   6.9197510e-01  -1.7961961e-01
   6.9213744e-01   1.8078523e-01
   6.9340433e-01   5.8511429e-04
   6.9387788e-01  -2.7259395e-02
   6.9390026e-01   2.8426708e-02
   6.9430673e-01  -1.9558524e-01
   6.9448652e-01   1.9675279e-01
   6.9527667e-01  -5.8597144e-02
   6.9532544e-01   5.9759996e-02
   6.9669271e-01  -2.1044735e-01
   6.9688948e-01   2.1161630e-01
   6.9702689e-01  -9.0085778e-02
   6.9710295e-01   9.1243857e-02
   6.9922302e-01  -4.3080628e-02
   6.9925782e-01   4.4243614e-02
   6.9969162e-01  -2.2745905e-01
   6.9990839e-01   2.2862705e-01
   7.0031700e-01  -7.4449660e-02
   7.0037696e-01   7.5608624e-02
   7.0038302e-01  -1.0662365e-01
   7.0041361e-01  -1.3460698e-02
   7.0042590e-01   1.4626300e-02
   7.0046922e-01   1.0778049e-01
   7.0133608e-01  -1.3756500e-01
   7.0145123e-01   1.3871946e-01
   7.0278480e-01  -2.4344595e-01
   7.0302164e-01   2.4461385e-01
   7.0481651e-01  -1.6867266e-01
   7.0487163e-01  -1.2193242e-01
   7.0496188e-01   1.6982685e-01
   7.0496882e-01   1.2308626e-01
   7.0593397e-01  -2.5840069e-01
   7.0618983e-01   2.5956446e-01
   7.0734480e-01  -1.5291603e-01
   7.0746829e-01   1.5406905e-01
   7.0920258e-01  -1.8486568e-01
   7.0935818e-01   1.8602145e-01
   7.0987206e-01  -2.7556024e-01
   7.1014987e-01   2.7671387e-01
   7.1089229e-01  -2.9141874e-02
   7.1091578e-01   3.0301942e-02
   7.1117175e-01  -5.9190734e-02
   7.1121879e-01   6.0347641e-02
   7.1142466e-01   5.8028011e-04
   7.1199086e-01  -2.1571112e-01
   7.1208664e-01  -9.0844779e-02
   7.1215894e-01   9.1998731e-02
   7.1218594e-01   2.1686908e-01
   7.1392327e-01  -2.9172909e-01
   7.1422261e-01   2.9287122e-01
   7.1441307e-01  -1.9992892e-01
   7.1458026e-01   2.0108513e-01
   7.1717788e-01  -2.3180473e-01
   7.1738489e-01   2.3296399e-01
   7.1757840e-01  -1.0725874e-01
   7.1759879e-01  -1.3702153e-01
   7.1766029e-01   1.0840994e-01
   7.1770454e-01   1.3817100e-01
   7.1807471e-01  -3.0699205e-01
   7.1834320e-01  -4.4477325e-02
   7.1837654e-01   4.5634625e-02
   7.1839321e-01   3.0811432e-01
   7.1854378e-01  -7.5250996e-02
   7.1859936e-01   7.6405909e-02
   7.1927603e-01  -1.4508535e-02
   7.1928793e-01   1.5667156e-02
   7.2004360e-01  -1.6839545e-01
   7.2017765e-01   1.6954611e-01
   7.2132900e-01  -2.6289659e-01
   7.2158497e-01   2.6404528e-01
   7.2302610e-01  -2.4681415e-01
   7.2325006e-01   2.4796901e-01
   7.2327431e-01  -3.2453822e-01
   7.2361316e-01   3.2562765e-01
   7.2473644e-01  -1.2212222e-01
   7.2482359e-01   1.2327171e-01
   7.2588811e-01  -1.5253469e-01
   7.2599660e-01   1.5368492e-01
   7.2637417e-01  -1.8454721e-01
   7.2651598e-01   1.8569721e-01
   7.2737060e-01  -2.7888003e-01
   7.2745238e-01  -2.1502140e-01
   7.2763137e-01   2.1617709e-01
   7.2764100e-01   2.8002318e-01
   7.2841490e-01  -9.1489554e-02
   7.2844540e-01  -6.0209084e-02
   7.2848291e-01   9.2641540e-02
   7.2848942e-01   6.1364392e-02
   7.2865920e-01  -3.4115104e-01
   7.2868945e-01  -2.9833659e-02
   7.2871201e-01   3.0990555e-02
   7.2901729e-01   3.4220552e-01
   7.2910125e-01   5.7865714e-04
   7.3330366e-01  -3.1062356e-01
   7.3362817e-01   3.1171865e-01
   7.3382462e-01  -1.9945072e-01
   7.3386649e-01  -2.9391042e-01
   7.3396918e-01   2.0060400e-01
   7.3416208e-01   2.9503448e-01
   7.3440933e-01  -3.5740324e-01
   7.3446168e-01  -2.3096836e-01
   7.3465325e-01   2.3212146e-01
   7.3478084e-01   3.5840572e-01
   7.3534527e-01  -1.3724093e-01
   7.3543944e-01   1.3839068e-01
   7.3559468e-01  -1.0719585e-01
   7.3567045e-01   1.0834688e-01
   7.3648965e-01  -1.6834971e-01
   7.3660064e-01  -7.5986723e-02
   7.3661037e-01   1.6949887e-01
   7.3665301e-01   7.7140805e-02
   7.3665597e-01  -2.6141478e-01
   7.3686512e-01  -4.5208792e-02
   7.3689652e-01   4.6365179e-02
   7.3689727e-01   2.6256425e-01
   7.3753031e-01  -1.4720681e-02
   7.3754143e-01   1.5877889e-02
   7.4034008e-01  -3.2640538e-01
   7.4068055e-01   3.2748423e-01
   7.4140771e-01  -3.7541688e-01
   7.4178306e-01   3.7633379e-01
   7.4248516e-01  -2.4560650e-01
   7.4268558e-01   2.4675983e-01
   7.4378008e-01  -1.2220878e-01
   7.4385878e-01   1.2336022e-01
   7.4419311e-01  -1.5266710e-01
   7.4421441e-01  -1.8399137e-01
   7.4429015e-01   1.5381760e-01
   7.4433968e-01  -2.7716274e-01
   7.4433968e-01   1.8514278e-01
   7.4440141e-01  -2.1477558e-01
   7.4456247e-01   2.1592765e-01
   7.4460186e-01   2.7830279e-01
   7.4574375e-01  -9.1682761e-02
   7.4580661e-01   9.2836228e-02
   7.4613935e-01  -6.0746534e-02
   7.4618028e-01   6.1902719e-02
   7.4654152e-01  -3.0111879e-02
   7.4656249e-01   3.1269565e-02
   7.4681290e-01  -3.4182602e-01
   7.4686016e-01   5.7895450e-04
   7.4719156e-01   3.4287242e-01
   7.4805782e-01  -3.0766896e-01
   7.4837939e-01   3.0878201e-01
   7.4879554e-01  -3.9263440e-01
   7.4916071e-01   3.9344243e-01
   7.5032066e-01  -3.6138320e-01
   7.5073066e-01   3.6235950e-01
   7.5250783e-01  -1.9910505e-01
   7.5256476e-01  -2.3004371e-01
   7.5263653e-01   2.0025766e-01
   7.5273706e-01   2.3119650e-01
   7.5297693e-01  -2.9145457e-01
   7.5325753e-01   2.9258811e-01
   7.5343450e-01  -1.3736919e-01
   7.5351819e-01   1.3852209e-01
   7.5358838e-01  -2.6058639e-01
   7.5378145e-01  -1.0710585e-01
   7.5381345e-01   2.6173376e-01
   7.5385009e-01   1.0826038e-01
   7.5386623e-01  -1.6818174e-01
   7.5397244e-01   1.6933384e-01
   7.5463554e-01  -7.6259202e-02
   7.5468432e-01   7.7415661e-02
   7.5503796e-01  -4.5511099e-02
   7.5506724e-01   4.6669593e-02
   7.5553461e-01  -1.4809810e-02
   7.5554481e-01   1.5969050e-02
   7.5604586e-01  -3.2313859e-01
   7.5639843e-01   3.2423984e-01
   7.5670525e-01  -4.0931416e-01
   7.5704214e-01   4.0998819e-01
   7.5850489e-01  -3.7833873e-01
   7.5893454e-01   3.7924038e-01
   7.6094205e-01  -3.4981548e-01
   7.6132366e-01  -2.4482790e-01
   7.6136185e-01   3.5084280e-01
   7.6150695e-01   2.4597933e-01
   7.6214452e-01  -2.1423082e-01
   7.6224693e-01  -1.8359716e-01
   7.6228751e-01   2.1538373e-01
   7.6235717e-01   1.8475142e-01
   7.6237060e-01  -2.7554911e-01
   7.6237399e-01  -1.2220442e-01
   7.6242849e-01  -1.5265555e-01
   7.6244466e-01   1.2336072e-01
   7.6251478e-01   1.5381027e-01
   7.6261752e-01   2.7669261e-01
   7.6351792e-01  -9.1704743e-02
   7.6357481e-01   9.2862492e-02
   7.6400432e-01  -6.0925914e-02
   7.6404197e-01   6.2085490e-02
   7.6440928e-01  -3.0215945e-02
   7.6442849e-01   3.1376795e-02
   7.6463425e-01  -3.0596691e-01
   7.6465504e-01   5.8055382e-04
   7.6494730e-01   3.0709241e-01
   7.6522111e-01  -4.2552169e-01
   7.6549995e-01   4.2602444e-01
   7.6611730e-01  -3.3517739e-01
   7.6645739e-01  -3.9463814e-01
   7.6651054e-01   3.3624834e-01
   7.6689910e-01   3.9546264e-01
   7.6861879e-01  -3.6504847e-01
   7.6907055e-01   3.6604465e-01
   7.7084282e-01  -2.2930906e-01
   7.7095022e-01  -1.9868127e-01
   7.7099734e-01   2.3046238e-01
   7.7106493e-01   1.9983644e-01
   7.7143355e-01  -2.5962385e-01
   7.7162970e-01  -1.3734976e-01
   7.7164075e-01   2.6077207e-01
   7.7168791e-01  -1.6799686e-01
   7.7170354e-01   1.3850831e-01
   7.7171876e-01  -2.9001431e-01
   7.7178063e-01   1.6915363e-01
   7.7198211e-01  -1.0699159e-01
   7.7198544e-01   2.9115407e-01
   7.7204317e-01   1.0815166e-01
   7.7266060e-01  -7.6308878e-02
   7.7270504e-01   7.7470056e-02
   7.7307464e-01  -4.5588999e-02
   7.7310149e-01   4.6751576e-02
   7.7344762e-01  -1.4831188e-02
   7.7345686e-01   1.5994404e-02
   7.7441576e-01  -4.4125188e-01
   7.7443903e-01  -3.1980463e-01
   7.7459144e-01   4.4153614e-01
   7.7465872e-01  -4.1044619e-01
   7.7479337e-01   3.2091057e-01
   7.7511058e-01   4.1118382e-01
   7.7661731e-01  -3.8049442e-01
   7.7710185e-01   3.8145705e-01
   7.7792273e-01  -3.4971587e-01
   7.7835598e-01   3.5077637e-01
   7.7994472e-01  -2.4409384e-01
   7.8011225e-01   2.4524598e-01
   7.8023419e-01  -2.1373807e-01
   7.8036088e-01   2.1489347e-01
   7.8040813e-01  -1.8323623e-01
   7.8050473e-01   1.8439478e-01
   7.8063922e-01  -1.5256116e-01
   7.8069409e-01  -2.7441804e-01
   7.8071524e-01   1.5372174e-01
   7.8075671e-01  -1.2211304e-01
   7.8081918e-01   1.2327566e-01
   7.8092317e-01   2.7556498e-01
   7.8148169e-01  -9.1627915e-02
   7.8153208e-01   9.2791472e-02
   7.8194104e-01  -6.0939316e-02
   7.8197496e-01   6.2103902e-02
   7.8229899e-01  -3.0219476e-02
   7.8231631e-01   3.1384921e-02
   7.8248440e-01   5.8283242e-04
   7.8265782e-01  -3.0414439e-01
   7.8296198e-01   3.0527275e-01
   7.8330219e-01  -4.2579016e-01
   7.8375959e-01   4.2643324e-01
   7.8437898e-01   4.5648869e-01
   7.8437921e-01  -4.5648894e-01
   7.8450953e-01  -3.3425137e-01
   7.8467153e-01  -3.9593587e-01
   7.8489807e-01   3.3535494e-01
   7.8519214e-01   3.9686476e-01
   7.8618468e-01  -3.6532575e-01
   7.8666117e-01   3.6637957e-01
   7.8922223e-01  -2.2870675e-01
   7.8930681e-01  -1.9830076e-01
   7.8936052e-01   2.2986226e-01
   7.8940857e-01   1.9945981e-01
   7.8966485e-01  -2.5888350e-01
   7.8974189e-01  -1.6777841e-01
   7.8982240e-01   1.6894074e-01
   7.8984361e-01  -1.3725039e-01
   7.8985398e-01   2.6003480e-01
   7.8990804e-01   1.3841535e-01
   7.9016828e-01  -1.0684572e-01
   7.9022151e-01   1.0801216e-01
   7.9047568e-01  -2.8881117e-01
   7.9069189e-01  -7.6248679e-02
   7.9072888e-01   2.8995437e-01
   7.9073131e-01   7.7415662e-02
   7.9106279e-01  -4.5565473e-02
   7.9108683e-01   4.6733234e-02
   7.9134536e-01  -1.4816357e-02
   7.9135359e-01   1.5984523e-02
   7.9244112e-01  -4.4065287e-01
   7.9261724e-01  -3.1890215e-01
   7.9290334e-01   4.4120118e-01
   7.9295808e-01   3.2003405e-01
   7.9307845e-01  -4.1121856e-01
   7.9363889e-01   4.1211663e-01
   7.9441351e-01  -3.8085546e-01
   7.9490845e-01  -4.7080009e-01
   7.9493499e-01   3.8190475e-01
   7.9497613e-01  -3.4963066e-01
   7.9516557e-01   4.7112845e-01
   7.9541015e-01   3.5074271e-01
   7.9847346e-01  -2.4353640e-01
   7.9849359e-01  -2.1331159e-01
   7.9860556e-01   2.1447068e-01
   7.9862527e-01   2.4469191e-01
   7.9863430e-01  -1.8292831e-01
   7.9871853e-01   1.8409175e-01
   7.9885242e-01  -1.5241050e-01
   7.9891855e-01   1.5357720e-01
   7.9903143e-01  -1.2197789e-01
   7.9908559e-01   1.2314696e-01
   7.9921727e-01  -2.7357968e-01
   7.9942864e-01   2.7473141e-01
   7.9952606e-01  -9.1501134e-02
   7.9956964e-01   9.2670943e-02
   7.9991564e-01  -6.0874190e-02
   7.9994541e-01   6.2044453e-02
   8.0021274e-01  -3.0179630e-02
   8.0022798e-01   3.1350341e-02
   8.0035246e-01   5.8541503e-04
   8.0080829e-01  -3.0355173e-01
   8.0109382e-01   3.0470127e-01
   8.0196925e-01  -4.2631854e-01
   8.0214387e-01  -4.5495433e-01
   8.0242529e-01   4.5563508e-01
   8.0243548e-01  -3.3408792e-01
   8.0256848e-01   4.2719612e-01
   8.0274359e-01  -3.9627279e-01
   8.0280904e-01   3.3523589e-01
   8.0331359e-01   3.9732196e-01
   8.0362642e-01  -3.6535490e-01
   8.0411041e-01   3.6648068e-01
   8.0684706e-01  -4.8507125e-01
   8.0737406e-01   4.8565722e-01
   8.0763063e-01  -2.2826251e-01
   8.0764253e-01  -1.9797664e-01
   8.0773205e-01   1.9914028e-01
   8.0775352e-01   2.2942223e-01
   8.0790352e-01  -1.6756408e-01
   8.0797287e-01   1.6873195e-01
   8.0805435e-01  -1.3710889e-01
   8.0808273e-01  -2.5833495e-01
   8.0810966e-01   1.3827997e-01
   8.0825382e-01   2.5949204e-01
   8.0833418e-01  -1.0668854e-01
   8.0837955e-01   1.0786120e-01
   8.0873341e-01  -7.6139970e-02
   8.0876734e-01   7.7312926e-02
   8.0898148e-01  -2.8835406e-01
   8.0904225e-01  -4.5499006e-02
   8.0906313e-01   4.6672284e-02
   8.0921417e-01   2.8951405e-01
   8.0925687e-01  -1.4788431e-02
   8.0926400e-01   1.5961889e-02
   8.1061309e-01  -3.1873718e-01
   8.1092989e-01   3.1990595e-01
   8.1138951e-01  -4.4133842e-01
   8.1139476e-01  -4.1157344e-01
   8.1159457e-01  -4.6981950e-01
   8.1192376e-01   4.4231222e-01
   8.1194536e-01   4.7056704e-01
   8.1201273e-01   4.1263351e-01
   8.1213009e-01  -3.8096739e-01
   8.1226370e-01  -3.4970258e-01
   8.1266553e-01   3.8211372e-01
   8.1268460e-01   3.5087473e-01
   8.1681621e-01  -2.1298514e-01
   8.1689062e-01  -1.8267239e-01
   8.1691429e-01   2.1414926e-01
   8.1696261e-01  -2.4314144e-01
   8.1696336e-01   1.8384087e-01
   8.1706513e-01  -1.5224575e-01
   8.1709816e-01   2.4430321e-01
   8.1712169e-01   1.5341809e-01
   8.1724809e-01  -1.2182724e-01
   8.1729395e-01   1.2300216e-01
   8.1760129e-01  -9.1359662e-02
   8.1763794e-01   9.2535371e-02
   8.1765791e-01  -2.7322141e-01
   8.1784709e-01   2.7438721e-01
   8.1791412e-01  -6.0778393e-02
   8.1793942e-01   6.1954286e-02
   8.1804851e-01  -4.9678814e-01
   8.1815110e-01  -3.0124310e-02
   8.1816410e-01   3.1300363e-02
   8.1825604e-01   5.8804355e-04
   8.1881554e-01   4.9753582e-01
   8.1890323e-01  -3.0345565e-01
   8.1916150e-01   3.0463482e-01
   8.2022713e-01  -3.3419540e-01
   8.2041147e-01  -4.2689635e-01
   8.2057568e-01   3.3539294e-01
   8.2065501e-01  -4.5738202e-01
   8.2071620e-01  -3.9648122e-01
   8.2102456e-01   4.2802987e-01
   8.2110405e-01   4.5835624e-01
   8.2112991e-01  -3.6544985e-01
   8.2130308e-01   3.9766075e-01
   8.2160238e-01   3.6665526e-01
   8.2562794e-01  -4.7741820e-01
   8.2596203e-01  -1.9772643e-01
   8.2603233e-01  -2.2795997e-01
   8.2603952e-01   1.9889536e-01
   8.2610785e-01  -1.6737281e-01
   8.2613976e-01   2.2912621e-01
   8.2616670e-01   1.6854586e-01
   8.2619131e-01   4.7831863e-01
   8.2625182e-01  -1.3696005e-01
   8.2629824e-01   1.3813647e-01
   8.2647718e-01  -2.5808099e-01
   8.2648102e-01  -1.0653585e-01
   8.2651864e-01   1.0771398e-01
   8.2662724e-01   2.5925036e-01
   8.2678234e-01  -7.6019064e-02
   8.2681056e-01   7.7197532e-02
   8.2702830e-01  -4.5419464e-02
   8.2704579e-01   4.6598042e-02
   8.2719035e-01  -1.4757139e-02
   8.2719633e-01   1.5935757e-02
   8.2729025e-01  -2.8828099e-01
   8.2749579e-01   2.8946467e-01
   8.2853027e-01  -3.1884564e-01
   8.2881466e-01   3.2005429e-01
   8.2929620e-01  -4.4298121e-01
   8.2949974e-01  -4.1200939e-01
   8.2973273e-01  -3.4987925e-01
   8.2983867e-01  -3.8112704e-01
   8.2988941e-01   4.4415206e-01
   8.3011200e-01   4.1326203e-01
   8.3012572e-01   3.5111541e-01
   8.3036176e-01   3.8238028e-01
   8.3093729e-01  -5.0848860e-01
   8.3194527e-01   5.0932927e-01
   8.3514439e-01  -2.1275983e-01
   8.3514819e-01  -1.8247416e-01
   8.3520974e-01   1.8364780e-01
   8.3522510e-01  -4.9077485e-01
   8.3522846e-01   2.1393045e-01
   8.3526940e-01  -1.5209216e-01
   8.3531655e-01   1.5326942e-01
   8.3536771e-01  -2.4294833e-01
   8.3542768e-01  -1.2168308e-01
   8.3546534e-01   1.2286292e-01
   8.3548455e-01   2.4412083e-01
   8.3568498e-01  -9.1223908e-02
   8.3571477e-01   9.2404717e-02
   8.3592763e-01  -6.0678261e-02
   8.3594831e-01   6.1859251e-02
   8.3597502e-01  -2.7315633e-01
   8.3601738e-01   4.9168969e-01
   8.3611124e-01  -3.0067132e-02
   8.3612191e-01   3.1248165e-02
   8.3613754e-01   2.7434141e-01
   8.3618946e-01   5.9051353e-04
   8.3637536e-01  -4.6099706e-01
   8.3694224e-01  -3.0357941e-01
   8.3694550e-01   4.6217104e-01
   8.3716679e-01   3.0479029e-01
   8.3799071e-01  -3.3441503e-01
   8.3820596e-01  -4.2798685e-01
   8.3830343e-01   3.3566279e-01
   8.3855966e-01  -3.9679558e-01
   8.3870417e-01  -3.6563517e-01
   8.3883122e-01   4.2931350e-01
   8.3912003e-01   3.9812729e-01
   8.3914341e-01   3.6692455e-01
   8.4425474e-01  -1.9755175e-01
   8.4431740e-01  -1.6721790e-01
   8.4431975e-01   1.9872671e-01
   8.4436589e-01   1.6839576e-01
   8.4437857e-01  -2.2780497e-01
   8.4443063e-01  -1.3682419e-01
   8.4446828e-01   1.3800506e-01
   8.4446897e-01   2.2898059e-01
   8.4459038e-01  -4.7581134e-01
   8.4460946e-01  -1.0639960e-01
   8.4463950e-01   1.0758224e-01
   8.4478616e-01  -2.5803229e-01
   8.4483422e-01  -7.5904930e-02
   8.4485672e-01   7.7088091e-02
   8.4491194e-01   2.5921761e-01
   8.4502393e-01  -4.5342151e-02
   8.4503794e-01   4.6525426e-02
   8.4514502e-01  -1.4727342e-02
   8.4514981e-01   1.5910621e-02
   8.4532631e-01   4.7697198e-01
   8.4546979e-01  -2.8839270e-01
   8.4564327e-01   2.8960161e-01
   8.4570385e-01  -5.1980367e-01
   8.4610518e-01  -4.4483951e-01
   8.4641765e-01  -3.1906878e-01
   8.4666226e-01   3.2031625e-01
   8.4673870e-01   4.4624708e-01
   8.4678134e-01  -5.0353780e-01
   8.4700259e-01   5.2070012e-01
   8.4721307e-01  -4.1268680e-01
   8.4731738e-01  -3.5012211e-01
   8.4751567e-01  -3.8138703e-01
   8.4766651e-01   3.5142170e-01
   8.4769837e-01   5.0445888e-01
   8.4780086e-01   4.1411558e-01
   8.4799262e-01   3.8275415e-01
   8.5338633e-01  -1.8233369e-01
   8.5343398e-01  -2.1263739e-01
   8.5343633e-01   1.8351264e-01
   8.5345611e-01  -1.5196434e-01
   8.5349378e-01   1.5314585e-01
   8.5350281e-01   2.1381608e-01
   8.5357877e-01  -1.2155768e-01
   8.5360833e-01   1.2274149e-01
   8.5367642e-01  -2.4290474e-01
   8.5376598e-01  -9.1104994e-02
   8.5377192e-01   2.4409043e-01
   8.5378907e-01   9.2289918e-02
   8.5394937e-01  -6.0586842e-02
   8.5396543e-01   6.1772099e-02
   8.5408828e-01  -3.0015024e-02
   8.5409659e-01   3.1200359e-02
   8.5414596e-01   5.9266786e-04
   8.5418659e-01  -2.7324413e-01
   8.5431917e-01   2.7444948e-01
   8.5438619e-01  -4.6027681e-01
   8.5476903e-01  -4.9008024e-01
   8.5493897e-01  -3.0379717e-01
   8.5510769e-01   4.6173689e-01
   8.5512480e-01   3.0503811e-01
   8.5549181e-01  -4.2895551e-01
   8.5566939e-01   4.9118824e-01
   8.5575806e-01  -3.3468537e-01
   8.5602420e-01   3.3597994e-01
   8.5610452e-01   4.3050186e-01
   8.5621221e-01  -3.9723362e-01
   8.5631660e-01  -3.6589338e-01
   8.5669874e-01   3.6726387e-01
   8.5671783e-01   3.9869974e-01
   8.5957226e-01  -5.2861021e-01
   8.6119328e-01   5.2953269e-01
   8.6239649e-01  -5.0848480e-01
   8.6250376e-01  -1.9745118e-01
   8.6251038e-01  -1.6710397e-01
   8.6254819e-01   1.6828633e-01
   8.6255516e-01   1.9863285e-01
   8.6258672e-01  -1.3671187e-01
   8.6261555e-01   1.3789637e-01
   8.6265058e-01  -2.2776155e-01
   8.6271947e-01  -1.0628578e-01
   8.6272199e-01   2.2894794e-01
   8.6274208e-01   1.0747192e-01
   8.6288448e-01  -7.5806529e-02
   8.6290135e-01   7.6993394e-02
   8.6300637e-01  -2.5809999e-01
   8.6302712e-01  -4.5274285e-02
   8.6303765e-01   4.6461401e-02
   8.6310542e-01   2.5930171e-01
   8.6311643e-01  -1.4701412e-02
   8.6312003e-01   1.5888587e-02
   8.6334707e-01  -4.7527151e-01
   8.6342370e-01   5.0955879e-01
   8.6356398e-01  -2.8858436e-01
   8.6370194e-01   2.8981669e-01
   8.6389252e-01  -4.4458220e-01
   8.6425093e-01   4.7677508e-01
   8.6429159e-01  -3.1933516e-01
   8.6449011e-01   3.2061706e-01
   8.6457133e-01   4.4624254e-01
   8.6470642e-01  -4.1322505e-01
   8.6496709e-01  -3.5040126e-01
   8.6513420e-01  -3.8171234e-01
   8.6523591e-01   4.1480919e-01
   8.6525727e-01   3.5175694e-01
   8.6554136e-01   3.8317190e-01
   8.7158927e-01  -1.8224809e-01
   8.7161802e-01  -1.5186775e-01
   8.7162683e-01   1.8343241e-01
   8.7164586e-01   1.5305291e-01
   8.7166577e-01  -2.1259561e-01
   8.7170438e-01  -1.2145642e-01
   8.7171777e-01   2.1378294e-01
   8.7172581e-01   1.2264327e-01
   8.7173581e-01  -4.9192157e-01
   8.7183836e-01  -9.1007269e-02
   8.7185491e-01   9.2195273e-02
   8.7189691e-01  -2.4295079e-01
   8.7196900e-01   2.4414961e-01
   8.7197382e-01  -6.0509753e-02
   8.7198535e-01   6.1698287e-02
   8.7207676e-01  -2.9970993e-02
   8.7208274e-01   3.1159732e-02
   8.7211869e-01   5.9439157e-04
   8.7231666e-01  -2.7340045e-01
   8.7241716e-01   2.7462418e-01
   8.7256092e-01  -4.5992263e-01
   8.7274885e-01   4.9362796e-01
   8.7290267e-01  -3.0404552e-01
   8.7304616e-01   3.0531209e-01
   8.7322520e-01  -4.2890474e-01
   8.7336129e-01   4.6173283e-01
   8.7353357e-01  -3.3496988e-01
   8.7374445e-01   3.3630301e-01
   8.7379275e-01  -3.9757621e-01
   8.7379307e-01   4.3061191e-01
   8.7386499e-01  -5.2051567e-01
   8.7394433e-01  -3.6618028e-01
   8.7421826e-01   3.9913928e-01
   8.7425424e-01   3.6761112e-01
   8.7510989e-01   5.2146319e-01
   8.7612413e-01  -5.3704792e-01
   8.7814227e-01   5.3793304e-01
   8.8067368e-01  -1.6703014e-01
   8.8070010e-01   1.6821663e-01
   8.8070069e-01  -1.9740986e-01
   8.8071724e-01  -1.3662639e-01
   8.8073699e-01   1.3781375e-01
   8.8073711e-01   1.9859819e-01
   8.8081068e-01  -1.0619587e-01
   8.8082594e-01   1.0738453e-01
   8.8084933e-01  -2.2778769e-01
   8.8090011e-01   2.2898438e-01
   8.8092942e-01  -7.5726740e-02
   8.8094076e-01   7.6916256e-02
   8.8098484e-01  -4.7579256e-01
   8.8103430e-01  -4.5218511e-02
   8.8104142e-01   4.6408461e-02
   8.8109919e-01  -1.4680211e-02
   8.8110164e-01   1.5870326e-02
   8.8115079e-01  -2.5822248e-01
   8.8122158e-01   2.5943866e-01
   8.8156807e-01  -5.0594393e-01
   8.8159851e-01  -2.8879996e-01
   8.8169885e-01   2.9005156e-01
   8.8184767e-01  -4.4439284e-01
   8.8190369e-01   4.7793325e-01
   8.8215610e-01  -3.1960485e-01
   8.8230435e-01   3.2091357e-01
   8.8242650e-01  -4.1327260e-01
   8.8247090e-01   4.4625932e-01
   8.8265431e-01  -3.5068029e-01
   8.8275794e-01  -3.8197764e-01
   8.8287139e-01   4.1494558e-01
   8.8287756e-01   3.5207494e-01
   8.8290673e-01   5.0790457e-01
   8.8308119e-01   3.8349453e-01
   8.8974970e-01  -1.8220686e-01
   8.8975025e-01  -1.5180201e-01
   8.8976768e-01   1.5299016e-01
   8.8977374e-01   1.8339605e-01
   8.8980557e-01  -1.2137974e-01
   8.8981874e-01   1.2256875e-01
   8.8983738e-01  -2.1260644e-01
   8.8987114e-01   2.1380157e-01
   8.8989896e-01  -9.0930939e-02
   8.8990907e-01   9.2120981e-02
   8.8999684e-01  -6.0448247e-02
   8.9000392e-01   6.1638989e-02
   8.9004377e-01  -2.4304107e-01
   8.9007167e-01  -2.9935759e-02
   8.9007537e-01   3.1126868e-02
   8.9009113e-01   2.4425108e-01
   8.9010163e-01   5.9560773e-04
   8.9021589e-01  -4.9049892e-01
   8.9037207e-01  -5.2289316e-01
   8.9038452e-01  -2.7357738e-01
   8.9039095e-01  -4.6000531e-01
   8.9045183e-01   2.7481574e-01
   8.9083960e-01  -3.0428909e-01
   8.9093886e-01   3.0557459e-01
   8.9105017e-01   4.6214323e-01
   8.9109360e-01  -4.2883481e-01
   8.9129563e-01   4.9319393e-01
   8.9131748e-01  -3.3523792e-01
   8.9146947e-01   3.3659646e-01
   8.9150767e-01  -3.9768047e-01
   8.9155491e-01   4.3064178e-01
   8.9157003e-01  -5.4307598e-01
   8.9160882e-01   5.2584617e-01
   8.9161068e-01  -3.6642299e-01
   8.9184012e-01   3.9928967e-01
   8.9184263e-01   3.6788788e-01
   8.9474142e-01   5.4410777e-01
   8.9880171e-01  -1.6698962e-01
   8.9881588e-01   1.6817943e-01
   8.9882071e-01  -1.3656645e-01
   8.9883099e-01   1.3775581e-01
   8.9884574e-01  -1.9740861e-01
   8.9886595e-01   1.9860251e-01
   8.9888304e-01  -1.0612833e-01
   8.9889090e-01   1.0731852e-01
   8.9896653e-01  -7.5665014e-02
   8.9897245e-01   7.6856098e-02
   8.9898409e-01  -2.2784979e-01
   8.9901308e-01   2.2905483e-01
   8.9904210e-01  -4.5174835e-02
   8.9904589e-01   4.6366531e-02
   8.9904864e-01  -5.0616551e-01
   8.9908850e-01  -1.4663724e-02
   8.9908982e-01   1.5855710e-02
   8.9923425e-01  -2.5836202e-01
   8.9927600e-01   2.5958926e-01
   8.9931004e-01  -4.7503464e-01
   8.9958944e-01  -2.8900860e-01
   8.9965142e-01   2.9027383e-01
   8.9974180e-01  -4.4437945e-01
   8.9993954e-01   4.7760177e-01
   8.9999477e-01   5.1025011e-01
   9.0001397e-01  -3.1985111e-01
   9.0011090e-01   3.2117641e-01
   9.0019179e-01   4.4637816e-01
   9.0025127e-01  -4.1328874e-01
   9.0038051e-01  -3.5091669e-01
   9.0047524e-01  -3.8212074e-01
   9.0053542e-01   3.5233210e-01
   9.0058419e-01   4.1500532e-01
   9.0071115e-01   3.8366247e-01
   9.0331914e-01  -5.3258418e-01
   9.0778130e-01   5.2789997e-01
   9.0785128e-01  -1.5176223e-01
   9.0785766e-01   1.5295239e-01
   9.0786740e-01  -1.8219652e-01
   9.0787691e-01   1.8338936e-01
   9.0788322e-01  -1.2132517e-01
   9.0788786e-01   1.2251534e-01
   9.0794644e-01  -9.0873834e-02
   9.0795011e-01   9.2064846e-02
   9.0795460e-01  -2.1264590e-01
   9.0796908e-01   2.1384688e-01
   9.0801571e-01  -6.0401206e-02
   9.0801843e-01   6.1593042e-02
   9.0806915e-01  -2.9908746e-02
   9.0807064e-01   3.1101111e-02
   9.0809007e-01   5.9627045e-04
   9.0813159e-01  -2.4314617e-01
   9.0815351e-01   2.4436425e-01
   9.0824460e-01  -4.9030566e-01
   9.0840485e-01  -2.7374828e-01
   9.0843878e-01   2.7499651e-01
   9.0855691e-01   4.9371983e-01
   9.0858542e-01  -4.5960030e-01
   9.0875605e-01  -3.0450687e-01
   9.0881127e-01   3.0580350e-01
   9.0894681e-01   4.6187321e-01
   9.0899333e-01  -4.2884029e-01
   9.0911632e-01  -3.3546289e-01
   9.0920960e-01   3.3683352e-01
   9.0930190e-01   4.3069328e-01
   9.0930381e-01  -3.9775786e-01
   9.0934559e-01  -3.6659059e-01
   9.0950024e-01   3.6806988e-01
   9.0953529e-01   3.9938786e-01
   9.0984540e-01  -5.4811387e-01
   9.1004856e-01  -5.1853887e-01
   9.1081594e-01   5.4832155e-01
   9.1663101e-01   5.0976296e-01
   9.1689452e-01  -1.6697305e-01
   9.1689565e-01   1.6816486e-01
   9.1689760e-01  -1.3652775e-01
   9.1689794e-01   1.3771802e-01
   9.1693715e-01  -1.0607989e-01
   9.1693747e-01   1.0727053e-01
   9.1694417e-01  -1.9743025e-01
   9.1694723e-01   1.9862782e-01
   9.1699466e-01  -7.5619033e-02
   9.1699518e-01   7.6810565e-02
   9.1704817e-01  -4.5141891e-02
   9.1704869e-01   4.6334196e-02
   9.1706608e-01  -2.2792510e-01
   9.1707259e-01   2.2913561e-01
   9.1708080e-01  -1.4651464e-02
   9.1708102e-01   1.5844183e-02
   9.1726988e-01  -2.5849700e-01
   9.1728246e-01   2.5973113e-01
   9.1752228e-01  -4.7479921e-01
   9.1754846e-01  -2.8919328e-01
   9.1756973e-01   4.7752456e-01
   9.1757261e-01   2.9046607e-01
   9.1784823e-01  -4.4419527e-01
   9.1787114e-01  -3.2005671e-01
   9.1791808e-01   3.2138918e-01
   9.1807392e-01   4.4622439e-01
   9.1812761e-01  -4.1334111e-01
   9.1815160e-01  -3.5109388e-01
   9.1823943e-01   3.5251591e-01
   9.1825438e-01  -3.8223519e-01
   9.1832594e-01  -5.0407485e-01
   9.1833714e-01   4.1507750e-01
   9.1840229e-01   3.8378906e-01
   9.2051848e-01  -5.3432509e-01
   9.2137828e-01   5.3665001e-01
   9.2591740e-01   1.5293233e-01
   9.2592269e-01  -1.5174153e-01
   9.2593480e-01   1.2247863e-01
   9.2593899e-01  -1.2128848e-01
   9.2594059e-01   1.8339927e-01
   9.2594640e-01  -1.8220464e-01
   9.2597802e-01   9.2023485e-02
   9.2598085e-01  -9.0832645e-02
   9.2599700e-01   4.9297615e-01
   9.2602053e-01   2.1390107e-01
   9.2602603e-01  -2.1269691e-01
   9.2602756e-01   6.1558157e-02
   9.2602917e-01  -6.0366379e-02
   9.2606611e-01   3.1081207e-02
   9.2606679e-01  -2.9888741e-02
   9.2608096e-01   5.9635496e-04
   9.2616929e-01   2.4447111e-01
   9.2617309e-01  -2.4324866e-01
   9.2638930e-01  -2.7389900e-01
   9.2639032e-01   2.7515210e-01
   9.2665912e-01  -3.0468760e-01
   9.2667178e-01   3.0598856e-01
   9.2680659e-01   4.6173303e-01
   9.2680901e-01  -4.5945507e-01
   9.2693521e-01  -3.3563710e-01
   9.2697188e-01   3.3701040e-01
   9.2699511e-01   5.2194942e-01
   9.2702198e-01  -4.2880465e-01
   9.2711271e-01  -4.8925790e-01
   9.2712574e-01  -3.6672178e-01
   9.2714456e-01  -3.9784337e-01
   9.2717300e-01   4.3067091e-01
   9.2720304e-01   3.6820399e-01
   9.2727421e-01   3.9948778e-01
   9.2767069e-01  -5.5101774e-01
   9.2819815e-01  -5.1933537e-01
   9.2980356e-01   5.5123953e-01
   9.3494020e-01   1.3769450e-01
   9.3494300e-01   1.6816342e-01
   9.3495023e-01  -1.3650473e-01
   9.3495555e-01  -1.6697140e-01
   9.3496721e-01   1.0723632e-01
   9.3497461e-01  -1.0604645e-01
   9.3498853e-01   1.9866072e-01
   9.3500330e-01  -1.9746197e-01
   9.3500900e-01   7.6776541e-02
   9.3501390e-01  -7.5585741e-02
   9.3504874e-01   4.6309464e-02
   9.3505146e-01  -4.5117725e-02
   9.3507320e-01   1.5835016e-02
   9.3507406e-01  -1.4642734e-02
   9.3508966e-01   2.2921230e-01
   9.3510603e-01  -2.2799966e-01
   9.3525243e-01   2.5985264e-01
   9.3526884e-01  -2.5861589e-01
   9.3547237e-01   2.9062083e-01
   9.3547250e-01   5.0662678e-01
   9.3548456e-01   4.7703223e-01
   9.3548499e-01  -2.8934586e-01
   9.3573098e-01   3.2155110e-01
   9.3573187e-01  -3.2021783e-01
   9.3595312e-01  -3.5123174e-01
   9.3597587e-01   3.5265285e-01
   9.3601682e-01  -4.4418085e-01
   9.3602839e-01   4.4621067e-01
   9.3606727e-01  -3.8233181e-01
   9.3607402e-01  -4.1338254e-01
   9.3612477e-01   3.8388635e-01
   9.3614892e-01  -4.7430745e-01
   9.3616482e-01   4.1513963e-01
   9.3670457e-01  -5.0432504e-01
   9.3732143e-01  -5.3582374e-01
   9.3889010e-01   5.3655030e-01
   9.4395066e-01   1.5292278e-01
   9.4396231e-01   1.2245358e-01
   9.4396810e-01  -1.5173309e-01
   9.4397095e-01   1.8341564e-01
   9.4397561e-01  -1.2126484e-01
   9.4399267e-01  -1.8222154e-01
   9.4399408e-01   9.1993056e-02
   9.4400350e-01  -9.0803638e-02
   9.4403136e-01   6.1531648e-02
   9.4403460e-01   2.1395277e-01
   9.4403728e-01  -6.0341128e-02
   9.4406056e-01  -2.1274848e-01
   9.4406084e-01   3.1065692e-02
   9.4406367e-01  -2.9874311e-02
   9.4407288e-01   5.9584818e-04
   9.4414937e-01   2.4456206e-01
   9.4417899e-01  -2.4333905e-01
   9.4431615e-01   2.7527666e-01
   9.4434744e-01  -2.7402320e-01
   9.4452560e-01   3.0612948e-01
   9.4455402e-01  -3.0482926e-01
   9.4468624e-01   4.9138268e-01
   9.4475042e-01   3.3714293e-01
   9.4476805e-01  -3.3577169e-01
   9.4492366e-01   4.6159553e-01
   9.4493416e-01  -3.6682628e-01
   9.4493591e-01   3.6830457e-01
   9.4501976e-01  -3.9790214e-01
   9.4504218e-01   3.9954451e-01
   9.4508463e-01  -4.2886536e-01
   9.4509742e-01   4.3076637e-01
   9.4513090e-01   5.2108219e-01
   9.4526101e-01  -4.5933854e-01
   9.4558840e-01  -4.8934498e-01
   9.4562006e-01  -5.5208382e-01
   9.4581550e-01  -5.2007324e-01
   9.4815802e-01   5.5209101e-01
   9.5296152e-01   1.3767950e-01
   9.5296322e-01   1.6816739e-01
   9.5298227e-01  -1.3649189e-01
   9.5298271e-01   1.0721145e-01
   9.5298992e-01  -1.6697733e-01
   9.5299773e-01   1.9869228e-01
   9.5299799e-01  -1.0602375e-01
   9.5301517e-01   7.6750722e-02
   9.5302552e-01  -7.5561910e-02
   9.5303080e-01  -1.9749515e-01
   9.5304628e-01   4.6290213e-02
   9.5305222e-01  -4.5100247e-02
   9.5306587e-01   1.5827443e-02
   9.5306780e-01  -1.4636792e-02
   9.5307386e-01   2.2927687e-01
   9.5311339e-01  -2.2806557e-01
   9.5319513e-01   2.5994883e-01
   9.5324036e-01  -2.5871350e-01
   9.5335741e-01   2.9073807e-01
   9.5340592e-01  -2.8946515e-01
   9.5354725e-01   3.2167066e-01
   9.5359445e-01  -3.2034073e-01
   9.5373397e-01   3.5275517e-01
   9.5377356e-01  -3.5133834e-01
   9.5387673e-01   3.8395030e-01
   9.5390732e-01  -3.8240346e-01
   9.5398410e-01   4.1518029e-01
   9.5402209e-01  -4.1343234e-01
   9.5406013e-01   5.0576238e-01
   9.5412185e-01   4.4633887e-01
   9.5413961e-01   4.7645788e-01
   9.5425498e-01  -5.3602701e-01
   9.5426949e-01  -4.4425082e-01
   9.5465527e-01  -4.7454844e-01
   9.5478479e-01  -5.0466457e-01
   9.5606301e-01   5.3652564e-01
   9.6196234e-01   1.5291771e-01
   9.6197407e-01   1.2243536e-01
   9.6197471e-01   1.8343142e-01
   9.6199228e-01  -1.5173112e-01
   9.6199671e-01  -1.2124962e-01
   9.6200064e-01   9.1969757e-02
   9.6201275e-01  -1.8224043e-01
   9.6201674e-01  -9.0783118e-02
   9.6201964e-01   2.1399535e-01
   9.6203110e-01   6.1510815e-02
   9.6204135e-01  -6.0322805e-02
   9.6205531e-01   3.1053115e-02
   9.6206028e-01  -2.9864028e-02
   9.6206595e-01   5.9474209e-04
   9.6206642e-01  -2.1279412e-01
   9.6210259e-01   2.4463270e-01
   9.6215815e-01  -2.4341285e-01
   9.6222321e-01   2.7536957e-01
   9.6228652e-01  -2.7411970e-01
   9.6237404e-01   3.0623204e-01
   9.6244261e-01  -3.0493614e-01
   9.6253823e-01   3.3723762e-01
   9.6257737e-01   5.2083863e-01
   9.6260868e-01  -3.3587211e-01
   9.6269260e-01   3.6837726e-01
   9.6276238e-01  -3.6690527e-01
   9.6282659e-01   3.9958367e-01
   9.6290588e-01  -3.9795695e-01
   9.6299032e-01   4.3077063e-01
   9.6313133e-01  -4.2890492e-01
   9.6341707e-01   4.6174393e-01
   9.6355836e-01   4.9110246e-01
   9.6355866e-01  -5.1991837e-01
   9.6361291e-01  -4.5970104e-01
   9.6362403e-01  -5.5139585e-01
   9.6402533e-01  -4.8989190e-01
   9.6662682e-01   5.5111663e-01
   9.7096215e-01   1.6817113e-01
   9.7096647e-01   1.3766808e-01
   9.7098220e-01   1.9871701e-01
   9.7098739e-01   1.0719180e-01
   9.7099816e-01  -1.3648449e-01
   9.7100331e-01  -1.6698539e-01
   9.7101067e-01  -1.0600777e-01
   9.7101598e-01   7.6729938e-02
   9.7103181e-01  -7.5544441e-02
   9.7103326e-01   2.2932537e-01
   9.7103393e-01  -1.9752445e-01
   9.7104277e-01   4.6274397e-02
   9.7105193e-01  -4.5087443e-02
   9.7105995e-01   1.5820742e-02
   9.7106295e-01  -1.4632931e-02
   9.7109626e-01  -2.2811889e-01
   9.7111764e-01   2.6001866e-01
   9.7119179e-01  -2.5878848e-01
   9.7123117e-01   2.9082096e-01
   9.7127274e-01  -5.3502745e-01
   9.7131537e-01  -2.8955379e-01
   9.7136470e-01   3.2175398e-01
   9.7145722e-01  -3.2043050e-01
   9.7150436e-01   3.5282306e-01
   9.7160468e-01  -3.5141473e-01
   9.7164777e-01   3.8400277e-01
   9.7175858e-01  -3.8246527e-01
   9.7182208e-01   4.1518558e-01
   9.7197102e-01  -4.1347587e-01
   9.7214822e-01   4.4625508e-01
   9.7234710e-01  -4.4439699e-01
   9.7265992e-01   5.0564740e-01
   9.7302493e-01   4.7724474e-01
   9.7306381e-01  -4.7535776e-01
   9.7326324e-01  -5.0512474e-01
   9.7367672e-01   5.3575684e-01
   9.7973758e-01   5.2005592e-01
   9.7995772e-01   1.5291245e-01
   9.7995831e-01   1.8344203e-01
   9.7997437e-01   1.2241976e-01
   9.7998293e-01   2.1402531e-01
   9.8000038e-01  -1.5173114e-01
   9.8000092e-01   9.1950090e-02
   9.8000646e-01  -1.2123874e-01
   9.8001298e-01  -1.8225687e-01
   9.8002374e-01  -9.0767671e-02
   9.8002913e-01   6.1493123e-02
   9.8003596e-01   2.4468167e-01
   9.8004372e-01  -6.0308918e-02
   9.8005089e-01  -2.1283042e-01
   9.8005126e-01   3.1042119e-02
   9.8005835e-01  -2.9856554e-02
   9.8006167e-01   5.9303103e-04
   9.8011625e-01   2.7543248e-01
   9.8011783e-01  -2.4346857e-01
   9.8021177e-01  -2.7418982e-01
   9.8021725e-01   3.0629981e-01
   9.8032588e-01  -3.0501194e-01
   9.8033159e-01   3.3729910e-01
   9.8045351e-01  -3.3594238e-01
   9.8045711e-01   3.6842081e-01
   9.8059614e-01  -3.6696193e-01
   9.8063384e-01   3.9962137e-01
   9.8079566e-01  -3.9801162e-01
   9.8091972e-01   4.3071762e-01
   9.8111402e-01  -4.2899151e-01
   9.8146286e-01   4.6174099e-01
   9.8162319e-01  -4.5998629e-01
   9.8165095e-01  -5.4903404e-01
   9.8207098e-01  -5.1984195e-01
   9.8265044e-01  -4.9128638e-01
   9.8286523e-01   4.9325004e-01
   9.8549374e-01   5.4832087e-01
   9.8883889e-01  -5.3383898e-01
   9.8894552e-01   1.6817075e-01
   9.8894850e-01   1.9873188e-01
   9.8895992e-01   1.3765625e-01
   9.8897456e-01   2.2935634e-01
   9.8898525e-01   1.0717374e-01
   9.8900134e-01  -1.6699180e-01
   9.8900265e-01  -1.3647863e-01
   9.8901460e-01   7.6711285e-02
   9.8901660e-01  -1.0599497e-01
   9.8901919e-01  -1.9754695e-01
   9.8902539e-01   2.6006271e-01
   9.8903593e-01  -7.5530481e-02
   9.8904074e-01   4.6260130e-02
   9.8905310e-01  -4.5077455e-02
   9.8905759e-01   1.5814251e-02
   9.8906148e-01  -2.2815819e-01
   9.8906163e-01  -1.4630497e-02
   9.8909616e-01   2.9087175e-01
   9.8912895e-01  -2.5884135e-01
   9.8918100e-01   3.2180299e-01
   9.8921632e-01  -2.8961400e-01
   9.8928119e-01   3.5286340e-01
   9.8931881e-01  -3.2049034e-01
   9.8941914e-01   3.8402236e-01
   9.8943962e-01  -3.5146711e-01
   9.8960569e-01  -3.8250775e-01
   9.8969964e-01   4.1521783e-01
   9.8989479e-01  -4.1355773e-01
   9.9013105e-01   4.4620563e-01
   9.9031266e-01  -4.4453283e-01
   9.9082073e-01   4.7741040e-01
   9.9092343e-01  -4.7570327e-01
   9.9152010e-01   5.3097045e-01
   9.9243223e-01   5.1035283e-01
   9.9249710e-01  -5.0761857e-01
   9.9792766e-01   1.8344475e-01
   9.9793072e-01   2.1404134e-01
   9.9794203e-01   1.5290356e-01
   9.9795529e-01   2.4470914e-01
   9.9796775e-01   1.2240323e-01
   9.9799747e-01  -1.5172973e-01
   9.9799876e-01   9.1930927e-02
   9.9799911e-01  -1.8226820e-01
   9.9799915e-01   2.7546640e-01
   9.9800934e-01  -1.2122870e-01
   9.9802023e-01  -2.1285616e-01
   9.9802831e-01  -9.0754216e-02
   9.9802870e-01   6.1476266e-02
   9.9804760e-01  -6.0297187e-02
   9.9805148e-01   3.1031471e-02
   9.9805574e-01   3.0633414e-01
   9.9806068e-01  -2.9850670e-02
   9.9806264e-01   5.9071198e-04
   9.9806410e-01  -2.4350657e-01
   9.9812488e-01   3.3732782e-01
   9.9812752e-01  -2.7423478e-01
   9.9820460e-01  -3.0505833e-01
   9.9822739e-01   3.6844211e-01
   9.9829809e-01  -3.3598616e-01
   9.9842848e-01   3.9961506e-01
   9.9842976e-01  -3.6700072e-01
   9.9865773e-01  -3.9805380e-01
   9.9888063e-01   4.3081250e-01
   9.9906063e-01  -4.2911769e-01
   9.9938080e-01   4.6168734e-01
   9.9951802e-01  -4.6009294e-01
   1.0000701e+00   4.9333837e-01
   1.0002287e+00  -4.9156391e-01
   1.0002850e+00  -5.4490410e-01
   1.0022036e+00  -5.2477997e-01
   1.0033805e+00   5.4405561e-01
   1.0062876e+00   5.2527712e-01
   1.0069023e+00   1.9873562e-01
   1.0069035e+00   2.2937009e-01
   1.0069186e+00   1.6816366e-01
   1.0069233e+00   2.6008175e-01
   1.0069467e+00   1.3764076e-01
   1.0069548e+00   2.9089040e-01
   1.0069807e+00   1.0715408e-01
   1.0069891e+00  -1.6699398e-01
   1.0069922e+00  -1.9756143e-01
   1.0069945e+00   3.2181783e-01
   1.0070005e+00  -1.3647109e-01
   1.0070149e+00   7.6692150e-02
   1.0070149e+00  -2.2818399e-01
   1.0070200e+00  -1.0598219e-01
   1.0070417e+00  -7.5517437e-02
   1.0070436e+00   4.6245704e-02
   1.0070562e+00   3.5287167e-01
   1.0070571e+00  -2.5887331e-01
   1.0070592e+00  -4.5068585e-02
   1.0070619e+00   1.5807374e-02
   1.0070670e+00  -1.4628901e-02
   1.0071116e+00  -2.8964628e-01
   1.0071772e+00  -3.2052099e-01
   1.0071954e+00   3.8403007e-01
   1.0072721e+00  -3.5149772e-01
   1.0074427e+00  -3.8254312e-01
   1.0075177e+00   4.1519424e-01
   1.0077681e+00  -4.1359592e-01
   1.0081825e+00   4.4644817e-01
   1.0082840e+00  -4.4468994e-01
   1.0085274e+00   4.7708930e-01
   1.0086839e+00  -4.7562506e-01
   1.0092636e+00   5.0848037e-01
   1.0096316e+00  -5.0745670e-01
   1.0158660e+00   2.4471655e-01
   1.0158683e+00   2.1404380e-01
   1.0158762e+00   2.7547136e-01
   1.0158878e+00   1.8343818e-01
   1.0158902e+00   3.0633266e-01
   1.0159151e+00   3.3732161e-01
   1.0159201e+00   1.5288838e-01
   1.0159588e+00   1.2238272e-01
   1.0159760e+00  -1.8227300e-01
   1.0159796e+00  -2.1287181e-01
   1.0159882e+00  -1.5172419e-01
   1.0159899e+00   3.6843209e-01
   1.0159984e+00   9.1909475e-02
   1.0160025e+00  -2.4352868e-01
   1.0160098e+00  -1.2121645e-01
   1.0160337e+00   6.1458159e-02
   1.0160347e+00  -9.0739962e-02
   1.0160385e+00  -2.7425544e-01
   1.0160569e+00  -6.0285536e-02
   1.0160597e+00   3.1020066e-02
   1.0160710e+00  -2.9845268e-02
   1.0160725e+00   5.8778703e-04
   1.0160796e+00  -3.0507383e-01
   1.0161377e+00  -3.3600164e-01
   1.0162258e+00   3.9962581e-01
   1.0162471e+00  -5.4004009e-01
   1.0162539e+00  -3.6702618e-01
   1.0165080e+00  -3.9808924e-01
   1.0167022e+00   4.3074590e-01
   1.0169429e+00  -4.2910811e-01
   1.0175274e+00  -4.6027331e-01
   1.0175824e+00   4.6216407e-01
   1.0177967e+00  -4.9096785e-01
   1.0178990e+00   4.9162924e-01
   1.0189015e+00  -5.2237747e-01
   1.0202507e+00   5.3863091e-01
   1.0232844e+00   5.2195192e-01
   1.0248040e+00   3.2179179e-01
   1.0248109e+00   2.9087467e-01
   1.0248169e+00   2.6007765e-01
   1.0248249e+00   3.5284558e-01
   1.0248251e+00   2.2936855e-01
   1.0248482e+00   1.9872836e-01
   1.0248859e+00   1.6814804e-01
   1.0249314e+00   1.3761887e-01
   1.0249485e+00   3.8400970e-01
   1.0249572e+00  -1.9756798e-01
   1.0249614e+00  -2.2819847e-01
   1.0249710e+00  -1.6699000e-01
   1.0249781e+00   1.0712997e-01
   1.0249821e+00  -2.5888700e-01
   1.0249960e+00  -1.3645904e-01
   1.0250054e+00  -2.8964974e-01
   1.0250211e+00   7.6670182e-02
   1.0250255e+00  -1.0596656e-01
   1.0250309e+00  -3.2051672e-01
   1.0250534e+00  -7.5502954e-02
   1.0250555e+00   4.6229597e-02
   1.0250742e+00  -4.5059304e-02
   1.0250770e+00   1.5799589e-02
   1.0250831e+00  -1.4627608e-02
   1.0250932e+00  -3.5150290e-01
   1.0252642e+00  -3.8257294e-01
   1.0253590e+00   4.1522030e-01
   1.0256534e+00  -4.1361487e-01
   1.0258009e+00   5.0564110e-01
   1.0259693e+00   4.4620352e-01
   1.0261656e+00  -4.4453275e-01
   1.0268194e+00  -4.7588411e-01
   1.0272941e+00   4.7786212e-01
   1.0274688e+00  -5.0522322e-01
   1.0331267e+00  -5.3358798e-01
   1.0336975e+00   3.3726792e-01
   1.0337236e+00   3.0628841e-01
   1.0337381e+00   3.6839302e-01
   1.0337539e+00   2.7544880e-01
   1.0337734e+00   2.4470733e-01
   1.0337996e+00   2.1403464e-01
   1.0338424e+00   1.8342166e-01
   1.0338961e+00   1.5286462e-01
   1.0339329e+00  -2.1287932e-01
   1.0339382e+00  -2.4353881e-01
   1.0339473e+00  -1.8227045e-01
   1.0339512e+00  -2.7425447e-01
   1.0339521e+00   1.2235546e-01
   1.0339544e+00  -3.0505347e-01
   1.0339668e+00  -3.3597676e-01
   1.0339768e+00  -1.5171212e-01
   1.0339845e+00   3.9959837e-01
   1.0340045e+00   9.1883223e-02
   1.0340124e+00  -1.2119912e-01
   1.0340474e+00  -9.0722371e-02
   1.0340488e+00   6.1436963e-02
   1.0340571e+00  -3.6703016e-01
   1.0340762e+00  -6.0272109e-02
   1.0340802e+00   3.1006947e-02
   1.0340936e+00  -2.9839374e-02
   1.0340955e+00   5.8426736e-04
   1.0343519e+00  -3.9812967e-01
   1.0346451e+00   4.3077594e-01
   1.0349066e+00  -4.2906326e-01
   1.0352620e+00   4.6137339e-01
   1.0353316e+00  -4.5979177e-01
   1.0361350e+00  -5.1773731e-01
   1.0365406e+00  -4.9141974e-01
   1.0376100e+00   4.9402889e-01
   1.0379121e+00   5.3151554e-01
   1.0401958e+00   5.1337921e-01
   1.0425760e+00   3.5276431e-01
   1.0426108e+00   3.2170991e-01
   1.0426725e+00   2.9082433e-01
   1.0426774e+00   3.8397089e-01
   1.0427130e+00   2.6005508e-01
   1.0427433e+00   2.2935604e-01
   1.0427890e+00   1.9871096e-01
   1.0428509e+00   1.6812231e-01
   1.0428820e+00  -3.2046531e-01
   1.0428922e+00  -3.5145924e-01
   1.0429046e+00  -2.2820601e-01
   1.0429058e+00  -2.8962590e-01
   1.0429101e+00  -2.5888785e-01
   1.0429170e+00  -1.9756728e-01
   1.0429181e+00   1.3758799e-01
   1.0429502e+00  -1.6697810e-01
   1.0429823e+00   1.0709885e-01
   1.0429935e+00  -1.3643977e-01
   1.0430375e+00  -1.0594544e-01
   1.0430381e+00   7.6643323e-02
   1.0430531e+00  -3.8259213e-01
   1.0430757e+00  -7.5484941e-02
   1.0430813e+00   4.6210519e-02
   1.0431031e+00  -4.5048297e-02
   1.0431075e+00   1.5790473e-02
   1.0431147e+00  -1.4626160e-02
   1.0431551e+00   4.1516490e-01
   1.0435705e+00  -4.1366469e-01
   1.0441603e+00   4.4618812e-01
   1.0442719e+00  -4.4432475e-01
   1.0443175e+00   4.7628198e-01
   1.0444270e+00  -4.7477045e-01
   1.0483020e+00  -5.0655910e-01
   1.0507395e+00  -5.2543056e-01
   1.0514516e+00   3.6828843e-01
   1.0514702e+00   3.3713804e-01
   1.0515668e+00   3.0619811e-01
   1.0516414e+00   2.7540408e-01
   1.0516824e+00   2.4468892e-01
   1.0517268e+00   2.1401690e-01
   1.0517284e+00   3.9957787e-01
   1.0517857e+00  -3.3588609e-01
   1.0517940e+00   1.8339463e-01
   1.0518182e+00  -3.6697440e-01
   1.0518396e+00  -3.0499629e-01
   1.0518736e+00   1.5283004e-01
   1.0518745e+00  -2.7423834e-01
   1.0518756e+00  -2.4354449e-01
   1.0518816e+00  -2.1288148e-01
   1.0519149e+00  -1.8225974e-01
   1.0519521e+00   1.2231888e-01
   1.0519664e+00  -1.5169108e-01
   1.0520215e+00  -1.2117406e-01
   1.0520219e+00   9.1849998e-02
   1.0520713e+00  -9.0699213e-02
   1.0520788e+00   6.1411177e-02
   1.0521104e+00  -6.0255366e-02
   1.0521182e+00   3.0991371e-02
   1.0521336e+00  -2.9832198e-02
   1.0521367e+00   5.8017882e-04
   1.0521631e+00  -3.9819277e-01
   1.0525531e+00   4.3061994e-01
   1.0529982e+00  -4.2910371e-01
   1.0534998e+00  -4.8955963e-01
   1.0535721e+00  -4.5926263e-01
   1.0536762e+00   4.9006848e-01
   1.0537189e+00   4.6149574e-01
   1.0545933e+00   5.2345125e-01
   1.0550622e+00   5.0567448e-01
   1.0603017e+00   3.5257354e-01
   1.0603396e+00   3.8385785e-01
   1.0604298e+00   3.2156437e-01
   1.0605528e+00   2.9074439e-01
   1.0606192e+00   2.6002567e-01
   1.0606595e+00   2.2933867e-01
   1.0606642e+00  -3.5131968e-01
   1.0607256e+00   1.9868443e-01
   1.0607454e+00  -3.2036171e-01
   1.0607610e+00  -3.8254454e-01
   1.0608159e+00   1.6808476e-01
   1.0608252e+00  -2.8958132e-01
   1.0608452e+00  -2.2821234e-01
   1.0608481e+00  -2.5888753e-01
   1.0608717e+00  -1.9755995e-01
   1.0609108e+00   1.3754566e-01
   1.0609289e+00  -1.6695628e-01
   1.0609883e+00   4.1518885e-01
   1.0609966e+00  -1.3641066e-01
   1.0609979e+00   1.0705851e-01
   1.0610608e+00  -1.0591654e-01
   1.0610710e+00   7.6609997e-02
   1.0611138e+00  -7.5461764e-02
   1.0611260e+00   4.6187562e-02
   1.0611508e+00  -4.5034593e-02
   1.0611586e+00   1.5779755e-02
   1.0611668e+00  -1.4624217e-02
   1.0614772e+00  -4.1382165e-01
   1.0622428e+00   4.4582562e-01
   1.0626195e+00  -4.7395608e-01
   1.0627123e+00  -4.4427052e-01
   1.0632709e+00   4.7673019e-01
   1.0657137e+00  -5.0264748e-01
   1.0660156e+00  -5.1717190e-01
   1.0691094e+00   3.6801936e-01
   1.0692548e+00   3.3691823e-01
   1.0693728e+00   3.9948897e-01
   1.0694379e+00   3.0606449e-01
   1.0695195e+00  -3.6677480e-01
   1.0695518e+00   2.7535470e-01
   1.0695951e+00   2.4467166e-01
   1.0696154e+00  -3.3572023e-01
   1.0696488e+00   2.1399386e-01
   1.0697429e+00   1.8335624e-01
   1.0697526e+00  -3.0490699e-01
   1.0698158e+00  -2.4355554e-01
   1.0698200e+00  -2.7422434e-01
   1.0698241e+00  -2.1288103e-01
   1.0698435e+00  -3.9819551e-01
   1.0698553e+00   1.5278239e-01
   1.0698793e+00  -1.8223956e-01
   1.0699599e+00  -1.5165853e-01
   1.0699631e+00   1.2227080e-01
   1.0700414e+00  -1.2113893e-01
   1.0700556e+00   9.1808282e-02
   1.0701113e+00  -9.0668885e-02
   1.0701290e+00   6.1379907e-02
   1.0701647e+00  -6.0234334e-02
   1.0701788e+00   3.0972957e-02
   1.0701961e+00  -2.9823272e-02
   1.0702014e+00   5.7556889e-04
   1.0703607e+00   4.9464793e-01
   1.0706220e+00   4.3077216e-01
   1.0707532e+00   5.1438515e-01
   1.0711760e+00  -4.2944268e-01
   1.0714644e+00  -4.8866211e-01
   1.0718128e+00   4.6050990e-01
   1.0722597e+00  -4.5899274e-01
   1.0778734e+00   3.8349344e-01
   1.0780360e+00   3.5225640e-01
   1.0782850e+00   3.2135153e-01
   1.0783334e+00  -3.8227742e-01
   1.0784415e+00  -3.5107364e-01
   1.0784733e+00   2.9066131e-01
   1.0785397e+00   2.6000541e-01
   1.0785708e+00   2.2932306e-01
   1.0786439e+00  -3.2020529e-01
   1.0786509e+00   4.1520873e-01
   1.0786559e+00   1.9864926e-01
   1.0787795e+00  -2.2822337e-01
   1.0787821e+00   1.6803348e-01
   1.0787834e+00  -2.8954161e-01
   1.0787992e+00  -2.5890125e-01
   1.0788192e+00  -1.9754587e-01
   1.0789082e+00  -1.6692221e-01
   1.0789131e+00   1.3748972e-01
   1.0790090e+00  -1.3636932e-01
   1.0790299e+00   1.0700761e-01
   1.0791004e+00  -1.0587838e-01
   1.0791249e+00   7.6569543e-02
   1.0791634e+00  -4.1395941e-01
   1.0791729e+00  -7.5432660e-02
   1.0791951e+00   4.6160468e-02
   1.0792229e+00  -4.5017828e-02
   1.0792358e+00   1.5767409e-02
   1.0792448e+00  -1.4621635e-02
   1.0796764e+00   4.7558442e-01
   1.0809641e+00   4.4612594e-01
   1.0811108e+00  -4.7337383e-01
   1.0815554e+00  -4.4491676e-01
   1.0832999e+00  -5.0648142e-01
   1.0856321e+00   5.0492762e-01
   1.0861980e+00   4.8869599e-01
   1.0866129e+00  -4.8978285e-01
   1.0867700e+00   3.6757936e-01
   1.0867777e+00   3.9900098e-01
   1.0870808e+00   3.3659092e-01
   1.0872146e+00  -3.6643071e-01
   1.0872777e+00  -3.9784113e-01
   1.0873719e+00   3.0592902e-01
   1.0874837e+00  -3.3546614e-01
   1.0874935e+00   2.7532395e-01
   1.0875078e+00   2.4466689e-01
   1.0875604e+00   2.1396812e-01
   1.0876879e+00   1.8330524e-01
   1.0877254e+00  -3.0482505e-01
   1.0877541e+00  -2.4358229e-01
   1.0877548e+00  -2.1287974e-01
   1.0877946e+00  -2.7423455e-01
   1.0878388e+00  -1.8220811e-01
   1.0878438e+00   1.5271953e-01
   1.0879598e+00  -1.5161206e-01
   1.0879898e+00   1.2221009e-01
   1.0880768e+00  -1.2109242e-01
   1.0881108e+00   9.1757899e-02
   1.0881728e+00  -9.0631070e-02
   1.0882048e+00   6.1343324e-02
   1.0882445e+00  -6.0209051e-02
   1.0882675e+00   3.0951894e-02
   1.0882867e+00  -2.9812640e-02
   1.0882949e+00   5.7051299e-04
   1.0884398e+00   4.3106924e-01
   1.0889816e+00  -4.2992039e-01
   1.0907464e+00   4.6143344e-01
   1.0917373e+00  -4.6005130e-01
   1.0953710e+00   3.8292484e-01
   1.0958092e+00   3.5176554e-01
   1.0958313e+00   4.1451054e-01
   1.0958569e+00  -3.8183547e-01
   1.0962330e+00   3.2114080e-01
   1.0962514e+00  -3.5067943e-01
   1.0963493e+00  -4.1345865e-01
   1.0964482e+00   2.9060767e-01
   1.0964685e+00   2.2931503e-01
   1.0964725e+00   2.6001154e-01
   1.0965753e+00   1.9860549e-01
   1.0966293e+00  -3.2006098e-01
   1.0966982e+00  -2.2824378e-01
   1.0967500e+00   1.6796631e-01
   1.0967545e+00  -1.9752427e-01
   1.0967597e+00  -2.5894486e-01
   1.0967925e+00  -2.8953755e-01
   1.0968887e+00  -1.6687333e-01
   1.0969289e+00   1.3741930e-01
   1.0970347e+00  -1.3631463e-01
   1.0970835e+00   1.0694667e-01
   1.0971614e+00  -1.0583130e-01
   1.0972053e+00   7.6522962e-02
   1.0972584e+00  -7.5398456e-02
   1.0972940e+00   4.6130007e-02
   1.0973246e+00  -4.4998599e-02
   1.0973442e+00   1.5753767e-02
   1.0973541e+00  -1.4618565e-02
   1.0991511e+00   4.7601331e-01
   1.0992469e+00  -4.7615437e-01
   1.0994932e+00   4.4712245e-01
   1.1001680e+00  -4.4602170e-01
   1.1005049e+00  -4.9438173e-01
   1.1015500e+00   4.9359867e-01
   1.1041860e+00   3.9829391e-01
   1.1044485e+00   3.6685432e-01
   1.1046872e+00  -3.9730285e-01
   1.1049176e+00  -3.6583388e-01
   1.1050408e+00   3.3628051e-01
   1.1051461e+00   4.3003707e-01
   1.1053885e+00   3.0583613e-01
   1.1054098e+00   2.4468477e-01
   1.1054528e+00   2.1394196e-01
   1.1054673e+00   2.7533574e-01
   1.1054751e+00  -3.3523818e-01
   1.1056259e+00   1.8323935e-01
   1.1056643e+00  -2.1287872e-01
   1.1056788e+00  -2.4363348e-01
   1.1057060e+00  -4.2912843e-01
   1.1057755e+00  -3.0479227e-01
   1.1057904e+00  -1.8216258e-01
   1.1057975e+00  -2.7429120e-01
   1.1058418e+00   1.5264076e-01
   1.1059688e+00  -1.5155062e-01
   1.1060373e+00   1.2213811e-01
   1.1061329e+00  -1.2103563e-01
   1.1061928e+00   9.1701173e-02
   1.1062610e+00  -9.0587856e-02
   1.1063115e+00   6.1303299e-02
   1.1063550e+00  -6.0181171e-02
   1.1063893e+00   3.0929159e-02
   1.1064104e+00  -2.9801073e-02
   1.1064223e+00   5.6511612e-04
   1.1104773e+00   4.6304363e-01
   1.1106527e+00  -4.6288331e-01
   1.1127628e+00   3.8189195e-01
   1.1130812e+00   4.1367612e-01
   1.1132649e+00  -3.8096981e-01
   1.1135711e+00  -4.1282452e-01
   1.1137783e+00   3.5133549e-01
   1.1142387e+00  -3.5035069e-01
   1.1142956e+00   3.2099122e-01
   1.1143381e+00   2.2932108e-01
   1.1144069e+00   2.6005889e-01
   1.1144758e+00   1.9855059e-01
   1.1144815e+00   2.9061413e-01
   1.1145861e+00  -2.2827841e-01
   1.1146697e+00  -1.9749196e-01
   1.1147179e+00  -2.5903161e-01
   1.1147204e+00   1.6788244e-01
   1.1147212e+00  -3.1998407e-01
   1.1148549e+00  -2.8959793e-01
   1.1148712e+00  -1.6680845e-01
   1.1149627e+00   1.3733658e-01
   1.1150783e+00  -1.3624845e-01
   1.1151642e+00   1.0687982e-01
   1.1152495e+00  -1.0577910e-01
   1.1153171e+00   7.6473959e-02
   1.1153379e+00  -4.8273649e-01
   1.1153751e+00  -7.5362567e-02
   1.1154273e+00   4.6098342e-02
   1.1154607e+00  -4.4978817e-02
   1.1154886e+00   1.5739562e-02
   1.1154994e+00  -1.4615505e-02
   1.1158886e+00   4.8228169e-01
   1.1165095e+00   4.4431896e-01
   1.1169841e+00  -4.4396761e-01
   1.1214100e+00   3.9679775e-01
   1.1219095e+00  -3.9601165e-01
   1.1224269e+00   3.6630051e-01
   1.1224575e+00   4.2891178e-01
   1.1228009e+00  -4.2837836e-01
   1.1228880e+00  -3.6540361e-01
   1.1231487e+00   3.3606160e-01
   1.1232842e+00   2.4473962e-01
   1.1233113e+00   2.1391191e-01
   1.1234650e+00   2.7540804e-01
   1.1234935e+00   3.0582196e-01
   1.1235381e+00  -2.1287378e-01
   1.1235538e+00   1.8315743e-01
   1.1235719e+00  -2.4372094e-01
   1.1236030e+00  -3.3510630e-01
   1.1237314e+00  -1.8210137e-01
   1.1238189e+00  -2.7441078e-01
   1.1238532e+00   1.5254902e-01
   1.1239072e+00  -3.0484295e-01
   1.1239910e+00  -1.5147672e-01
   1.1241116e+00   1.2206095e-01
   1.1242159e+00  -1.2097423e-01
   1.1243062e+00   9.1644594e-02
   1.1243807e+00  -9.0545335e-02
   1.1244528e+00   6.1264024e-02
   1.1245001e+00  -6.0154555e-02
   1.1245484e+00   3.0906557e-02
   1.1245711e+00  -2.9790103e-02
   1.1245877e+00   5.5950677e-04
   1.1264823e+00   4.5551370e-01
   1.1266393e+00  -4.5554673e-01
   1.1285318e+00  -4.7138854e-01
   1.1288275e+00   4.7112317e-01
   1.1299016e+00   4.1126927e-01
   1.1303217e+00  -4.1071401e-01
   1.1305025e+00   3.8131955e-01
   1.1309827e+00  -3.8053611e-01
   1.1319255e+00   3.5104932e-01
   1.1321533e+00   2.2933576e-01
   1.1323286e+00   2.6017580e-01
   1.1323498e+00   1.9848269e-01
   1.1323877e+00  -3.5016800e-01
   1.1324170e+00  -2.2832106e-01
   1.1324749e+00   3.2094112e-01
   1.1325574e+00  -1.9744661e-01
   1.1325679e+00   2.9069554e-01
   1.1326573e+00  -2.5918599e-01
   1.1326962e+00   1.6778499e-01
   1.1328587e+00  -1.6673016e-01
   1.1329214e+00  -3.2001146e-01
   1.1329635e+00  -2.8973711e-01
   1.1330205e+00   1.3724976e-01
   1.1331459e+00  -1.3617841e-01
   1.1332776e+00   1.0681723e-01
   1.1333704e+00  -1.0573142e-01
   1.1334636e+00   7.6430064e-02
   1.1335266e+00  -7.5332065e-02
   1.1335984e+00   4.6069059e-02
   1.1336344e+00  -4.4961724e-02
   1.1336726e+00   1.5725793e-02
   1.1336841e+00  -1.4613177e-02
   1.1371291e+00   4.4134741e-01
   1.1373425e+00  -4.4116123e-01
   1.1382319e+00   4.2536822e-01
   1.1384946e+00  -4.2504494e-01
   1.1395627e+00   3.9635953e-01
   1.1399680e+00  -3.9574749e-01
   1.1406124e+00   3.6596914e-01
   1.1410410e+00  -3.6519638e-01
   1.1410941e+00   2.4482119e-01
   1.1411218e+00   2.1387421e-01
   1.1413624e+00  -2.1286071e-01
   1.1413921e+00   3.3597054e-01
   1.1413968e+00  -2.4383382e-01
   1.1414704e+00   1.8306230e-01
   1.1414832e+00   2.7559714e-01
   1.1416605e+00  -1.8202675e-01
   1.1416809e+00   3.0587932e-01
   1.1418518e+00  -2.7464332e-01
   1.1418559e+00  -3.3510665e-01
   1.1418844e+00   1.5245434e-01
   1.1420331e+00  -1.5139979e-01
   1.1421137e+00  -3.0497227e-01
   1.1422201e+00   1.2199285e-01
   1.1423330e+00  -1.2092178e-01
   1.1424539e+00   9.1600782e-02
   1.1425346e+00  -9.0515497e-02
   1.1426305e+00   6.1232185e-02
   1.1426815e+00  -6.0135417e-02
   1.1427472e+00   3.0886303e-02
   1.1427715e+00  -2.9781621e-02
   1.1427940e+00   5.5382947e-04
   1.1430574e+00  -4.5775689e-01
   1.1431350e+00   4.5768068e-01
   1.1480904e+00   3.8116376e-01
   1.1482610e+00   4.1130478e-01
   1.1485324e+00  -3.8052554e-01
   1.1485409e+00  -4.1091743e-01
   1.1498873e+00   2.2935259e-01
   1.1501643e+00  -2.2836499e-01
   1.1501867e+00   2.6033894e-01
   1.1501918e+00   1.9840385e-01
   1.1502119e+00   3.5094075e-01
   1.1504122e+00  -1.9738972e-01
   1.1505279e+00  -2.5938452e-01
   1.1506620e+00  -3.5016530e-01
   1.1506840e+00   1.6768471e-01
   1.1507326e+00   2.9096858e-01
   1.1507499e+00   3.2091039e-01
   1.1508581e+00  -1.6664855e-01
   1.1511100e+00   1.3717729e-01
   1.1511372e+00  -2.9006094e-01
   1.1512108e+00  -3.2007223e-01
   1.1512453e+00  -1.3612220e-01
   1.1514283e+00   1.0677830e-01
   1.1515287e+00  -1.0570684e-01
   1.1516448e+00   7.6403239e-02
   1.1517129e+00  -7.5318241e-02
   1.1518081e+00   4.6046446e-02
   1.1518466e+00  -4.4951175e-02
   1.1518987e+00   1.5713296e-02
   1.1519109e+00  -1.4612101e-02
   1.1535469e+00   4.2856586e-01
   1.1537229e+00  -4.2834765e-01
   1.1560275e+00   4.4451102e-01
   1.1560720e+00  -4.4446378e-01
   1.1577663e+00   3.9680485e-01
   1.1580544e+00  -3.9633240e-01
   1.1588071e+00   2.4491862e-01
   1.1588745e+00   2.1382816e-01
   1.1589471e+00   3.6591276e-01
   1.1591215e+00  -2.4396134e-01
   1.1591273e+00  -2.1283832e-01
   1.1593111e+00  -3.6526709e-01
   1.1593771e+00   1.8296464e-01
   1.1594448e+00   2.7584943e-01
   1.1595793e+00  -1.8194870e-01
   1.1596944e+00   3.3572661e-01
   1.1598211e+00  -2.7493605e-01
   1.1599461e+00   1.5237928e-01
   1.1600444e+00   3.0625956e-01
   1.1601057e+00  -1.5134147e-01
   1.1601659e+00  -3.3498105e-01
   1.1603709e+00   1.2196058e-01
   1.1604768e+00  -3.0541249e-01
   1.1604927e+00  -1.2090403e-01
   1.1606337e+00   9.1589946e-02
   1.1607210e+00  -9.0517618e-02
   1.1608413e+00   6.1216036e-02
   1.1608962e+00  -6.0131379e-02
   1.1609857e+00   3.0870048e-02
   1.1610116e+00  -2.9776887e-02
   1.1610431e+00   5.4826741e-04
   1.1648928e+00   3.8163298e-01
   1.1652728e+00   4.1284343e-01
   1.1653267e+00  -3.8109792e-01
   1.1654351e+00  -4.1257948e-01
   1.1675128e+00   2.2936758e-01
   1.1678011e+00  -2.2840571e-01
   1.1679468e+00   2.6052662e-01
   1.1680015e+00   1.9832403e-01
   1.1682340e+00  -1.9733051e-01
   1.1682961e+00  -2.5960612e-01
   1.1684009e+00   3.5023246e-01
   1.1686978e+00   1.6760599e-01
   1.1688443e+00   2.9131474e-01
   1.1688468e+00  -3.4961304e-01
   1.1688833e+00  -1.6658705e-01
   1.1692405e+00   1.3715415e-01
   1.1692485e+00  -2.9045375e-01
   1.1693733e+00   3.2145025e-01
   1.1693859e+00  -1.3611361e-01
   1.1696175e+00   1.0679451e-01
   1.1697109e+00   4.2935185e-01
   1.1697258e+00  -1.0573561e-01
   1.1697898e+00  -4.2926077e-01
   1.1698196e+00  -3.2068405e-01
   1.1698538e+00   7.6408796e-02
   1.1699274e+00  -7.5335487e-02
   1.1700534e+00   4.6033959e-02
   1.1700948e+00  -4.4950056e-02
   1.1701685e+00   1.5702244e-02
   1.1701812e+00  -1.4611994e-02
   1.1756897e+00   3.9728418e-01
   1.1758501e+00  -3.9697278e-01
   1.1763973e+00   2.4502365e-01
   1.1765678e+00   2.1377890e-01
   1.1767203e+00  -2.4409462e-01
   1.1767941e+00   3.6420661e-01
   1.1768313e+00  -2.1281094e-01
   1.1771271e+00  -3.6376497e-01
   1.1772806e+00   1.8288940e-01
   1.1773145e+00   2.7612222e-01
   1.1774947e+00  -1.8189115e-01
   1.1776930e+00  -2.7524766e-01
   1.1780548e+00   1.5236756e-01
   1.1782253e+00  -1.5134419e-01
   1.1783406e+00   3.0670895e-01
   1.1785719e+00   1.2200807e-01
   1.1786592e+00   3.3654048e-01
   1.1787027e+00  -1.2096347e-01
   1.1787604e+00  -3.0591593e-01
   1.1788330e+00   9.1638867e-02
   1.1789276e+00  -9.0577223e-02
   1.1790741e+00   6.1222923e-02
   1.1790947e+00  -3.3588571e-01
   1.1791214e+00   3.7845568e-01
   1.1791338e+00  -6.0148944e-02
   1.1792615e+00   3.0858136e-02
   1.1792893e+00  -2.9775641e-02
   1.1793362e+00   5.4316354e-04
   1.1797108e+00  -3.7814228e-01
   1.1822646e+00   4.1427963e-01
   1.1823245e+00  -4.1420479e-01
   1.1850010e+00   2.2937989e-01
   1.1852985e+00  -2.2844139e-01
   1.1855905e+00   2.6071794e-01
   1.1857876e+00   1.9826795e-01
   1.1859437e+00  -2.5982880e-01
   1.1860314e+00  -1.9729257e-01
   1.1867643e+00   1.6759763e-01
   1.1868664e+00   2.9165520e-01
   1.1869609e+00  -1.6659307e-01
   1.1872640e+00  -2.9083902e-01
   1.1874201e+00   1.3723963e-01
   1.1875755e+00  -1.3621026e-01
   1.1878372e+00   1.0690900e-01
   1.1878524e+00   3.5154353e-01
   1.1878731e+00   3.2203121e-01
   1.1879539e+00  -1.0585930e-01
   1.1880728e+00   7.6461330e-02
   1.1881532e+00  -7.5397218e-02
   1.1882259e+00  -3.5105343e-01
   1.1882875e+00  -3.2132777e-01
   1.1883279e+00   4.6032839e-02
   1.1883730e+00  -4.4958734e-02
   1.1884840e+00   1.5692866e-02
   1.1884970e+00  -1.4612150e-02
   1.1907607e+00   3.8509117e-01
   1.1912029e+00  -3.8506789e-01
   1.1937522e+00  -3.9941441e-01
   1.1937522e+00   3.9941441e-01
   1.1938468e+00   2.4512757e-01
   1.1941753e+00  -2.4422343e-01
   1.1942166e+00   2.1374240e-01
   1.1944894e+00  -2.1279318e-01
   1.1950868e+00   2.7636909e-01
   1.1951944e+00   1.8288870e-01
   1.1954199e+00  -1.8190476e-01
   1.1954621e+00  -2.7552925e-01
   1.1957629e+00   3.6748691e-01
   1.1960894e+00  -3.6712413e-01
   1.1962343e+00   1.5249856e-01
   1.1964154e+00  -1.5148553e-01
   1.1965312e+00   3.0709173e-01
   1.1968260e+00   1.2219679e-01
   1.1969317e+00  -3.0635019e-01
   1.1969659e+00  -1.2115972e-01
   1.1970195e+00   9.1774194e-02
   1.1971226e+00  -9.0719475e-02
   1.1973083e+00   6.1256432e-02
   1.1973617e+00   3.3733318e-01
   1.1973741e+00  -6.0190485e-02
   1.1975700e+00   3.0851324e-02
   1.1976003e+00  -2.9777401e-02
   1.1976738e+00   5.3928908e-04
   1.1977328e+00  -3.3674991e-01
   1.2023194e+00   2.2939345e-01
   1.2026241e+00  -2.2847412e-01
   1.2031173e+00   2.6087813e-01
   1.2034707e+00  -2.6001504e-01
   1.2035767e+00   1.9829156e-01
   1.2038310e+00  -1.9733025e-01
   1.2048125e+00   2.9189687e-01
   1.2049318e+00   1.6775487e-01
   1.2051387e+00  -1.6675997e-01
   1.2051974e+00  -2.9111797e-01
   1.2056274e+00   3.8285234e-01
   1.2056424e+00   1.3752208e-01
   1.2058079e+00  -1.3649848e-01
   1.2058222e+00  -3.8256979e-01
   1.2060604e+00   1.0716634e-01
   1.2061866e+00  -1.0612080e-01
   1.2062033e+00   3.2244297e-01
   1.2062468e+00   3.5318769e-01
   1.2062717e+00   7.6568063e-02
   1.2063609e+00  -7.5509163e-02
   1.2065687e+00  -3.5269609e-01
   1.2065811e+00  -3.2179538e-01
   1.2066251e+00   4.6045836e-02
   1.2066754e+00  -4.4978225e-02
   1.2068494e+00   1.5686285e-02
   1.2068620e+00  -1.4611621e-02
   1.2111560e+00   2.4521737e-01
   1.2114874e+00  -2.4433187e-01
   1.2118708e+00   2.1376109e-01
   1.2121514e+00  -2.1282550e-01
   1.2127866e+00   2.7649346e-01
   1.2131397e+00   1.8307320e-01
   1.2131550e+00  -2.7567919e-01
   1.2133759e+00  -1.8209833e-01
   1.2145066e+00   1.5290738e-01
   1.2146505e+00   3.0724657e-01
   1.2146976e+00  -1.5189829e-01
   1.2150270e+00  -3.0654071e-01
   1.2151196e+00   1.2258894e-01
   1.2151312e+00   9.2007328e-02
   1.2151931e+00   3.6852678e-01
   1.2152451e+00  -9.0954298e-02
   1.2152691e+00  -1.2155314e-01
   1.2154543e+00  -3.6812217e-01
   1.2155149e+00   6.1323104e-02
   1.2155428e+00   3.3798952e-01
   1.2155893e+00  -6.0260311e-02
   1.2158872e+00  -3.3742107e-01
   1.2159027e+00   3.0852998e-02
   1.2159365e+00  -2.9783052e-02
   1.2160537e+00   5.3832522e-04
   1.2194291e+00   2.2942680e-01
   1.2197392e+00  -2.2851980e-01
   1.2205664e+00   2.6092244e-01
   1.2209178e+00  -2.6007554e-01
   1.2214307e+00   1.9853334e-01
   1.2216943e+00  -1.9758015e-01
   1.2227336e+00   2.9182213e-01
   1.2231039e+00  -2.9106408e-01
   1.2232776e+00   1.6826439e-01
   1.2234935e+00  -1.6727196e-01
   1.2238491e+00   1.3809871e-01
   1.2240246e+00  -1.3707356e-01
   1.2242320e+00   1.0757967e-01
   1.2243427e+00   3.2253835e-01
   1.2243692e+00  -1.0653214e-01
   1.2244202e+00   7.6741558e-02
   1.2245209e+00  -7.5681317e-02
   1.2246796e+00   3.5334617e-01
   1.2246996e+00  -3.2189880e-01
   1.2249422e+00   4.6079867e-02
   1.2249799e+00  -3.5284861e-01
   1.2249998e+00  -4.5012213e-02
   1.2252733e+00   1.5688135e-02
   1.2252836e+00  -1.4611895e-02
   1.2283762e+00   2.4524796e-01
   1.2287089e+00  -2.4437123e-01
   1.2296554e+00   2.1397221e-01
   1.2299432e+00  -2.1304282e-01
   1.2305033e+00   2.7622690e-01
   1.2308642e+00  -2.7542245e-01
   1.2311281e+00   1.8369804e-01
   1.2313737e+00  -1.8272502e-01
   1.2327131e+00   3.0684944e-01
   1.2328449e+00   1.5378417e-01
   1.2330451e+00  -1.5277020e-01
   1.2330749e+00  -3.0614553e-01
   1.2330857e+00   9.2359486e-02
   1.2332126e+00  -9.1300361e-02
   1.2334134e+00   1.2316659e-01
   1.2335736e+00  -1.2212583e-01
   1.2336511e+00   6.1433610e-02
   1.2337372e+00  -6.0365406e-02
   1.2337762e+00   3.3776398e-01
   1.2341038e+00  -3.3718223e-01
   1.2342423e+00   3.0876224e-02
   1.2342812e+00  -2.9801129e-02
   1.2344640e+00   5.4344484e-04
   1.2363073e+00   2.2951664e-01
   1.2366214e+00  -2.2861306e-01
   1.2380801e+00   2.6053461e-01
   1.2384295e+00  -2.5968928e-01
   1.2394669e+00   1.9942766e-01
   1.2397389e+00  -1.9847442e-01
   1.2407005e+00   2.9091575e-01
   1.2410615e+00  -2.9015447e-01
   1.2418429e+00   1.3888823e-01
   1.2418773e+00   1.6948614e-01
   1.2420299e+00  -1.3785561e-01
   1.2421004e+00  -1.6848626e-01
   1.2423098e+00   1.0818870e-01
   1.2424459e+00   3.2184858e-01
   1.2424591e+00  -1.0713143e-01
   1.2424940e+00   7.6993928e-02
   1.2426095e+00  -7.5921778e-02
   1.2427913e+00  -3.2119087e-01
   1.2432910e+00   4.6160410e-02
   1.2433589e+00  -4.5080648e-02
   1.2437732e+00   1.5710717e-02
   1.2437757e+00  -1.4618070e-02
   1.2457330e+00   2.4489767e-01
   1.2460670e+00  -2.4401695e-01
   1.2479153e+00   2.1484261e-01
   1.2482107e+00  -2.1391162e-01
   1.2483825e+00   2.7470834e-01
   1.2487380e+00  -2.7389595e-01
   1.2490064e+00   1.8548760e-01
   1.2492602e+00  -1.8450520e-01
   1.2506804e+00   3.0562532e-01
   1.2507478e+00   9.2832628e-02
   1.2508886e+00  -9.1758208e-02
   1.2509927e+00   1.5496284e-01
   1.2510352e+00  -3.0489944e-01
   1.2512033e+00  -1.5394106e-01
   1.2516545e+00   6.1623267e-02
   1.2517553e+00  -6.0534567e-02
   1.2517656e+00   1.2396460e-01
   1.2519372e+00  -1.2290953e-01
   1.2525437e+00   3.0951615e-02
   1.2525898e+00  -2.9855951e-02
   1.2528644e+00   5.6020662e-04
   1.2531415e+00   2.2952911e-01
   1.2534577e+00  -2.2861944e-01
   1.2559436e+00   2.5814290e-01
   1.2562904e+00  -2.5728449e-01
   1.2577412e+00   2.0266452e-01
   1.2580193e+00  -2.0169918e-01
   1.2584843e+00   2.8909201e-01
   1.2588419e+00  -2.8830423e-01
   1.2594416e+00   1.3992638e-01
   1.2596382e+00  -1.3888173e-01
   1.2602216e+00   1.0900092e-01
   1.2603841e+00  -1.0792120e-01
   1.2604992e+00   1.7093527e-01
   1.2605165e+00   7.7367853e-02
   1.2606482e+00  -7.6271525e-02
   1.2607319e+00  -1.6992850e-01
   1.2617154e+00   4.6340148e-02
   1.2617983e+00  -4.5226116e-02
   1.2623679e+00  -1.4663128e-02
   1.2623874e+00   1.5798098e-02
   1.2638364e+00   2.4099821e-01
   1.2641671e+00  -2.4009477e-01
   1.2654907e+00   1.8717140e-01
   1.2657564e+00  -1.8618362e-01
   1.2658738e+00   2.7221271e-01
   1.2662283e+00  -2.7136930e-01
   1.2671056e+00   2.2136753e-01
   1.2674120e+00  -2.2042386e-01
   1.2679186e+00   9.3475782e-02
   1.2680735e+00  -9.2366604e-02
   1.2688743e+00   1.5659696e-01
   1.2690935e+00  -1.5556592e-01
   1.2694036e+00   6.1920431e-02
   1.2695174e+00  -6.0799866e-02
   1.2703158e+00   1.2488131e-01
   1.2704962e+00  -1.2380742e-01
   1.2706964e+00   3.1181409e-02
   1.2707560e+00  -3.0033025e-02
   1.2711203e+00   5.9444795e-04
   1.2728865e+00   2.5487697e-01
   1.2732323e+00  -2.5398458e-01
   1.2733484e+00   2.0591143e-01
   1.2736386e+00  -2.0493651e-01
   1.2761887e+00   1.4082804e-01
   1.2763895e+00  -1.3977154e-01
   1.2778962e+00   1.1013058e-01
   1.2780658e+00  -1.0902722e-01
   1.2785683e+00   7.7883934e-02
   1.2787234e+00  -7.6727159e-02
   1.2795100e+00   1.7336768e-01
   1.2796087e+00   2.3679437e-01
   1.2797574e+00  -1.7234886e-01
   1.2799410e+00  -2.3585744e-01
   1.2802041e+00   1.9010099e-01
   1.2803701e+00   4.6777953e-02
   1.2804658e+00  -4.5623231e-02
   1.2804808e+00  -1.8910403e-01
   1.2811154e+00  -1.4816427e-02
   1.2811823e+00   1.6053465e-02
   1.2841978e+00   9.4125774e-02
   1.2843453e+00  -9.2982911e-02
   1.2851627e+00   2.2052051e-01
   1.2854798e+00  -2.1954872e-01
   1.2857263e+00   1.5829991e-01
   1.2859535e+00  -1.5725263e-01
   1.2866666e+00   6.2539020e-02
   1.2868067e+00  -6.1321128e-02
   1.2883887e+00   3.1648368e-02
   1.2884542e+00  -3.0492614e-02
   1.2888448e+00   7.1553360e-04
   1.2895164e+00   1.2617950e-01
   1.2897033e+00  -1.2509702e-01
   1.2903678e+00   2.0390145e-01
   1.2906655e+00  -2.0290430e-01
   1.2914549e+00   1.4229406e-01
   1.2916602e+00  -1.4122929e-01
   1.2948283e+00   1.1111637e-01
   1.2949913e+00  -1.0999806e-01
   1.2953732e+00   1.8633807e-01
   1.2956491e+00  -1.8531610e-01
   1.2969428e+00   7.9068801e-02
   1.2970978e+00  -7.7885609e-02
   1.2993297e+00   1.7104126e-01
   1.2993538e+00   9.5041751e-02
   1.2994613e+00   4.7749350e-02
   1.2994762e+00  -9.3895974e-02
   1.2995848e+00  -1.7000339e-01
   1.2996351e+00  -4.6383295e-02
   1.3000901e+00  -1.4892975e-02
   1.3003524e+00   1.6237823e-02
   1.3025925e+00   6.3730358e-02
   1.3026510e+00  -6.2430009e-02
   1.3031177e+00   1.5485736e-01
   1.3033481e+00  -1.5381410e-01
   1.3045410e+00   3.1957725e-02
   1.3047324e+00  -3.0291813e-02
   1.3053880e+00   4.7418682e-04
   1.3067004e+00   1.3768177e-01
   1.3069029e+00  -1.3664244e-01
   1.3094652e+00   1.2269860e-01
   1.3096430e+00  -1.2166880e-01
   1.3120422e+00   1.0676993e-01
   1.3121911e+00  -1.0577421e-01
   1.3143706e+00   8.9899036e-02
   1.3144865e+00  -8.8974050e-02
   1.3160836e+00   7.5044172e-02
   1.3161727e+00  -7.4188985e-02
   1.3176147e+00   5.8607461e-02
   1.3176678e+00  -5.7953724e-02
   1.3186426e+00   4.4232379e-02
   1.3186708e+00  -4.3771760e-02
   1.3194295e+00  -2.8685049e-02
   1.3194316e+00   2.8634296e-02
   1.3198526e+00   1.4586345e-02
   1.3198529e+00  -1.4570120e-02
   1.3200000e+00  -1.2306551e-04
