  0.7413338416647920E-05
  0.1725676977357267E-04
  0.2711460656598275E-04
  0.3697344200602487E-04
  0.4683216706913223E-04
  0.5669050651173348E-04
  0.6654831593002788E-04
  0.7640548208576653E-04
  0.8626190132748368E-04
  0.9611747354575122E-04
  0.1059721000986211E-03
  0.1158256830385763E-03
  0.1256781247652110E-03
  0.1355293278663616E-03
  0.1453791950449375E-03
  0.1552276290807354E-03
  0.1650745327958563E-03
  0.1749198090538004E-03
  0.1847633607520048E-03
  0.1946050908075925E-03
  0.2044449021672423E-03
  0.2142826978025066E-03
  0.2241183807019108E-03
  0.2339518538849046E-03
  0.2437830203860811E-03
  0.2536117832730655E-03
  0.2634380456292754E-03
  0.2732617105694857E-03
  0.2830826812329647E-03
  0.2929008607847852E-03
  0.3027161524211221E-03
  0.3125284593599154E-03
  0.3223376848620969E-03
  0.3321437322007486E-03
  0.3419465046970872E-03
  0.3517459056932004E-03
  0.3615418385740393E-03
  0.3713342067475152E-03
  0.3811229136684160E-03
  0.3909078628223104E-03
  0.4006889577286489E-03
  0.4104661019497740E-03
  0.4202391990858924E-03
  0.4300081527779745E-03
  0.4397728667034610E-03
  0.4495332445874644E-03
  0.4592891901930923E-03
  0.4690406073316080E-03
  0.4787873998529282E-03
  0.4885294716607162E-03
  0.4982667266978544E-03
  0.5079990689572071E-03
  0.5177264024808461E-03
  0.5274486313626988E-03
  0.5371656597390784E-03
  0.5468773918083375E-03
  0.5565837318085066E-03
  0.5662845840439991E-03
  0.5759798528633306E-03
  0.5856694426757061E-03
  0.5953532579402249E-03
  0.6050312031847289E-03
  0.6147031829788849E-03
  0.6243691019662581E-03
  0.6340288648392896E-03
  0.6436823763548160E-03
  0.6533295413356563E-03
  0.6629702646594687E-03
  0.6726044512755252E-03
  0.6822320061884808E-03
  0.6918528344737469E-03
  0.7014668412772254E-03
  0.7110739318029624E-03
  0.7206740113302213E-03
  0.7302669852007129E-03
  0.7398527588343564E-03
  0.7494312377186215E-03
  0.7590023274070252E-03
  0.7685659335361468E-03
  0.7781219618098607E-03
  0.7876703180060807E-03
  0.7972109079850181E-03
  0.8067436376739341E-03
  0.8162684130859306E-03
  0.8257851403104857E-03
  0.8352937255111753E-03
  0.8447940749386555E-03
  0.8542860949192627E-03
  0.8637696918686333E-03
  0.8732447722785066E-03
  0.8827112427249311E-03
  0.8921690098744630E-03
  0.9016179804769906E-03
  0.9110580613633080E-03
  0.9204891594589104E-03
  0.9299111817789099E-03
  0.9393240354196686E-03
  0.9487276275759539E-03
  0.9581218655325821E-03
  0.9675066566572265E-03
  0.9768819084275391E-03
  0.9862475283993304E-03
  0.9956034242361062E-03
  0.1004949503684645E-02
  0.1014285674600173E-02
  0.1023611844927909E-02
  0.1032927922714612E-02
  0.1042233816109182E-02
  0.1051529433352879E-02
  0.1060814682796816E-02
  0.1070089472888810E-02
  0.1079353712185869E-02
  0.1088607309340515E-02
  0.1097850173116287E-02
  0.1107082212382015E-02
  0.1116303336112097E-02
  0.1125513453386908E-02
  0.1134712473399104E-02
  0.1143900305448128E-02
  0.1153076858943052E-02
  0.1162242043408023E-02
  0.1171395768475609E-02
  0.1180537943890950E-02
  0.1189668479518767E-02
  0.1198787285328629E-02
  0.1207894271416749E-02
  0.1216989347987706E-02
  0.1226072425368683E-02
  0.1235143413998641E-02
  0.1244202224446374E-02
  0.1253248767388326E-02
  0.1262282953631079E-02
  0.1271304694100967E-02
  0.1280313899844001E-02
  0.1289310482031504E-02
  0.1298294351962402E-02
  0.1307265421054082E-02
  0.1316223600857956E-02
  0.1325168803045853E-02
  0.1334100939424336E-02
  0.1343019921918202E-02
  0.1351925662595288E-02
  0.1360818073645637E-02
  0.1369697067389267E-02
  0.1378562556285674E-02
  0.1387414452922286E-02
  0.1396252670018914E-02
  0.1405077120436919E-02
  0.1413887717168919E-02
  0.1422684373343768E-02
  0.1431467002228103E-02
  0.1440235517228912E-02
  0.1448989831889684E-02
  0.1457729859897937E-02
  0.1466455515076115E-02
  0.1475166711391667E-02
  0.1483863362958132E-02
  0.1492545384024823E-02
  0.1501212688990900E-02
  0.1509865192399771E-02
  0.1518502808939743E-02
  0.1527125453445048E-02
  0.1535733040898483E-02
  0.1544325486434255E-02
  0.1552902705331014E-02
  0.1561464613019037E-02
  0.1570011125081932E-02
  0.1578542157252857E-02
  0.1587057625417317E-02
  0.1595557445616241E-02
  0.1604041534042434E-02
  0.1612509807046695E-02
  0.1620962181131353E-02
  0.1629398572959828E-02
  0.1637818899351767E-02
  0.1646223077286717E-02
  0.1654611023899862E-02
  0.1662982656486145E-02
  0.1671337892506957E-02
  0.1679676649580758E-02
  0.1687998845488755E-02
  0.1696304398177278E-02
  0.1704593225755279E-02
  0.1712865246497238E-02
  0.1721120378843624E-02
  0.1729358541399529E-02
  0.1737579652943338E-02
  0.1745783632410680E-02
  0.1753970398917796E-02
  0.1762139871740071E-02
  0.1770291970334836E-02
  0.1778426614318962E-02
  0.1786543723493490E-02
  0.1794643217816716E-02
  0.1802725017439648E-02
  0.1810789042670354E-02
  0.1818835214004927E-02
  0.1826863452105428E-02
  0.1834873677821032E-02
  0.1842865812166360E-02
  0.1850839776347577E-02
  0.1858795491740116E-02
  0.1866732879903062E-02
  0.1874651862577017E-02
  0.1882552361681474E-02
  0.1890434299319793E-02
  0.1898297597778160E-02
  0.1906142179527608E-02
  0.1913967967222316E-02
  0.1921774883703846E-02
  0.1929562851991327E-02
  0.1937331795305808E-02
  0.1945081637044045E-02
  0.1952812300790691E-02
  0.1960523710331147E-02
  0.1968215789628620E-02
  0.1975888462841230E-02
  0.1983541654319618E-02
  0.1991175288602142E-02
  0.1998789290428591E-02
  0.2006383584722419E-02
  0.2013958096609897E-02
  0.2021512751404099E-02
  0.2029047474620307E-02
  0.2036562191967791E-02
  0.2044056829354541E-02
  0.2051531312884620E-02
  0.2058985568859941E-02
  0.2066419523787191E-02
  0.2073833104365042E-02
  0.2081226237500888E-02
  0.2088598850300192E-02
  0.2095950870069238E-02
  0.2103282224321600E-02
  0.2110592840769156E-02
  0.2117882647331371E-02
  0.2125151572137231E-02
  0.2132399543510484E-02
  0.2139626489992121E-02
  0.2146832340325438E-02
  0.2154017023463420E-02
  0.2161180468566518E-02
  0.2168322605004944E-02
  0.2175443362357497E-02
  0.2182542670417445E-02
  0.2189620459189173E-02
  0.2196676658881915E-02
  0.2203711199929745E-02
  0.2210724012969703E-02
  0.2217715028859008E-02
  0.2224684178667917E-02
  0.2231631393683399E-02
  0.2238556605404628E-02
  0.2245459745554725E-02
  0.2252340746068758E-02
  0.2259199539101582E-02
  0.2266036057026837E-02
  0.2272850232439525E-02
  0.2279641998153273E-02
  0.2286411287203945E-02
  0.2293158032847032E-02
  0.2299882168561562E-02
  0.2306583628048409E-02
  0.2313262345234994E-02
  0.2319918254271102E-02
  0.2326551289528614E-02
  0.2333161385608586E-02
  0.2339748477339306E-02
  0.2346312499770517E-02
  0.2352853388186014E-02
  0.2359371078092132E-02
  0.2365865505225894E-02
  0.2372336605555751E-02
  0.2378784315277598E-02
  0.2385208570818278E-02
  0.2391609308835469E-02
  0.2397986466224059E-02
  0.2404339980102204E-02
  0.2410669787825368E-02
  0.2416975826988262E-02
  0.2423258035410185E-02
  0.2429516351152875E-02
  0.2435750712511526E-02
  0.2441961058014833E-02
  0.2448147326432983E-02
  0.2454309456765536E-02
  0.2460447388263459E-02
  0.2466561060402374E-02
  0.2472650412905515E-02
  0.2478715385733386E-02
  0.2484755919086484E-02
  0.2490771953406890E-02
  0.2496763429379110E-02
  0.2502730287926593E-02
  0.2508672470217839E-02
  0.2514589917667487E-02
  0.2520482571930748E-02
  0.2526350374901869E-02
  0.2532193268732546E-02
  0.2538011195810884E-02
  0.2543804098774165E-02
  0.2549571920505048E-02
  0.2555314604131026E-02
  0.2561032093042640E-02
  0.2566724330849185E-02
  0.2572391261447503E-02
  0.2578032828943110E-02
  0.2583648977718748E-02
  0.2589239652408683E-02
  0.2594804797884585E-02
  0.2600344359272558E-02
  0.2605858281955714E-02
  0.2611346511572564E-02
  0.2616808994003015E-02
  0.2622245675394869E-02
  0.2627656502141224E-02
  0.2633041420894046E-02
  0.2638400378557273E-02
  0.2643733322295142E-02
  0.2649040199525080E-02
  0.2654320957923304E-02
  0.2659575545422550E-02
  0.2664803910214014E-02
  0.2670006000747389E-02
  0.2675181765732029E-02
  0.2680331154135956E-02
  0.2685454115185168E-02
  0.2690550598373706E-02
  0.2695620553449162E-02
  0.2700663930420417E-02
  0.2705680679566497E-02
  0.2710670751416110E-02
  0.2715634096774668E-02
  0.2720570666705844E-02
  0.2725480412530278E-02
  0.2730363285844771E-02
  0.2735219238501961E-02
  0.2740048222625517E-02
  0.2744850190600407E-02
  0.2749625095086417E-02
  0.2754372888997630E-02
  0.2759093525522661E-02
  0.2763786958119653E-02
  0.2768453140515380E-02
  0.2773092026697533E-02
  0.2777703570928053E-02
  0.2782287727744161E-02
  0.2786844451939041E-02
  0.2791373698588508E-02
  0.2795875423037873E-02
  0.2800349580897930E-02
  0.2804796128057395E-02
  0.2809215020671902E-02
  0.2813606215172525E-02
  0.2817969668263527E-02
  0.2822305336921854E-02
  0.2826613178403247E-02
  0.2830893150230404E-02
  0.2835145210200071E-02
  0.2839369316396357E-02
  0.2843565427164029E-02
  0.2847733501133035E-02
  0.2851873497205254E-02
  0.2855985374565293E-02
  0.2860069092667427E-02
  0.2864124611249998E-02
  0.2868151890326116E-02
  0.2872150890186186E-02
  0.2876121571402215E-02
  0.2880063894824308E-02
  0.2883977821582751E-02
  0.2887863313085377E-02
  0.2891720331024394E-02
  0.2895548837370055E-02
  0.2899348794373662E-02
  0.2903120164570800E-02
  0.2906862910773719E-02
  0.2910576996079770E-02
  0.2914262383874080E-02
  0.2917919037813962E-02
  0.2921546921847903E-02
  0.2925146000207068E-02
  0.2928716237403963E-02
  0.2932257598238122E-02
  0.2935770047791158E-02
  0.2939253551432045E-02
  0.2942708074814566E-02
  0.2946133583878985E-02
  0.2949530044849244E-02
  0.2952897424237059E-02
  0.2956235688841392E-02
  0.2959544805749458E-02
  0.2962824742330729E-02
  0.2966075466248383E-02
  0.2969296945451681E-02
  0.2972489148176335E-02
  0.2975652042946518E-02
  0.2978785598581944E-02
  0.2981889784179998E-02
  0.2984964569140357E-02
  0.2988009923142824E-02
  0.2991025816160922E-02
  0.2994012218462177E-02
  0.2996969100597325E-02
  0.2999896433415186E-02
  0.3002794188051497E-02
  0.3005662335933902E-02
  0.3008500848786457E-02
  0.3011309698620240E-02
  0.3014088857742794E-02
  0.3016838298748574E-02
  0.3019557994531944E-02
  0.3022247918277546E-02
  0.3024908043460111E-02
  0.3027538343853809E-02
  0.3030138793525034E-02
  0.3032709366834640E-02
  0.3035250038434569E-02
  0.3037760783276818E-02
  0.3040241576605785E-02
  0.3042692393961170E-02
  0.3045113211177925E-02
  0.3047504004389205E-02
  0.3049864750020863E-02
  0.3052195424797323E-02
  0.3054496005737606E-02
  0.3056766470160553E-02
  0.3059006795678386E-02
  0.3061216960203007E-02
  0.3063396941941284E-02
  0.3065546719402362E-02
  0.3067666271386757E-02
  0.3069755576997628E-02
  0.3071814615634021E-02
  0.3073843366996060E-02
  0.3075841811079212E-02
  0.3077809928179937E-02
  0.3079747698893009E-02
  0.3081655104113695E-02
  0.3083532125034729E-02
  0.3085378743146428E-02
  0.3087194940246739E-02
  0.3088980698425630E-02
  0.3090736000075000E-02
  0.3092460827889891E-02
  0.3094155164863718E-02
  0.3095818994288249E-02
  0.3097452299763207E-02
  0.3099055065181666E-02
  0.3100627274740551E-02
  0.3102168912939862E-02
  0.3103679964577880E-02
  0.3105160414757483E-02
  0.3106610248879388E-02
  0.3108029452652484E-02
  0.3109418012079927E-02
  0.3110775913473349E-02
  0.3112103143443383E-02
  0.3113399688904087E-02
  0.3114665537071445E-02
  0.3115900675465504E-02
  0.3117105091904933E-02
  0.3118278774520796E-02
  0.3119421711734208E-02
  0.3120533892279831E-02
  0.3121615305191430E-02
  0.3122665939806874E-02
  0.3123685785765220E-02
  0.3124674833012203E-02
  0.3125633071797975E-02
  0.3126560492671605E-02
  0.3127457086488529E-02
  0.3128322844412717E-02
  0.3129157757904426E-02
  0.3129961818732334E-02
  0.3130735018968480E-02
  0.3131477350992919E-02
  0.3132188807479573E-02
  0.3132869381419877E-02
  0.3133519066100111E-02
  0.3134137855117245E-02
  0.3134725742365469E-02
  0.3135282722056084E-02
  0.3135808788686242E-02
  0.3136303937080037E-02
  0.3136768162350739E-02
  0.3137201459920178E-02
  0.3137603825517215E-02
  0.3137975255176562E-02
  0.3138315745233748E-02
  0.3138625292331515E-02
  0.3138903893419289E-02
  0.3139151545748254E-02
  0.3139368246879466E-02
  0.3139553994671951E-02
  0.3139708787299287E-02
  0.3139832623231614E-02
  0.3139925501248864E-02
  0.3139987420437024E-02
  0.3140018380182308E-02
  0.3140018380183503E-02
  0.3139987420437284E-02
  0.3139925501249187E-02
  0.3139832623232198E-02
  0.3139708787299457E-02
  0.3139553994672490E-02
  0.3139368246879735E-02
  0.3139151545748543E-02
  0.3138903893419433E-02
  0.3138625292330906E-02
  0.3138315745233785E-02
  0.3137975255177507E-02
  0.3137603825518105E-02
  0.3137201459920920E-02
  0.3136768162350011E-02
  0.3136303937080227E-02
  0.3135808788688105E-02
  0.3135282722053655E-02
  0.3134725742366519E-02
  0.3134137855116577E-02
  0.3133519066100627E-02
  0.3132869381420406E-02
  0.3132188807479918E-02
  0.3131477350991691E-02
  0.3130735018969536E-02
  0.3129961818733727E-02
  0.3129157757904272E-02
  0.3128322844411691E-02
  0.3127457086488239E-02
  0.3126560492670680E-02
  0.3125633071797367E-02
  0.3124674833012985E-02
  0.3123685785764393E-02
  0.3122665939806598E-02
  0.3121615305191209E-02
  0.3120533892279854E-02
  0.3119421711734042E-02
  0.3118278774519561E-02
  0.3117105091905582E-02
  0.3115900675464767E-02
  0.3114665537070753E-02
  0.3113399688903112E-02
  0.3112103143443664E-02
  0.3110775913471913E-02
  0.3109418012079962E-02
  0.3108029452652134E-02
  0.3106610248879317E-02
  0.3105160414757696E-02
  0.3103679964577433E-02
  0.3102168912940350E-02
  0.3100627274741306E-02
  0.3099055065181126E-02
  0.3097452299763493E-02
  0.3095818994288811E-02
  0.3094155164863693E-02
  0.3092460827890256E-02
  0.3090736000073891E-02
  0.3088980698424904E-02
  0.3087194940246829E-02
  0.3085378743147500E-02
  0.3083532125033391E-02
  0.3081655104114065E-02
  0.3079747698893808E-02
  0.3077809928179777E-02
  0.3075841811079690E-02
  0.3073843366995425E-02
  0.3071814615632604E-02
  0.3069755576996801E-02
  0.3067666271386616E-02
  0.3065546719400875E-02
  0.3063396941941657E-02
  0.3061216960203501E-02
  0.3059006795679033E-02
  0.3056766470161129E-02
  0.3054496005738652E-02
  0.3052195424797609E-02
  0.3049864750021406E-02
  0.3047504004389050E-02
  0.3045113211178558E-02
  0.3042692393961440E-02
  0.3040241576605785E-02
  0.3037760783276553E-02
  0.3035250038434612E-02
  0.3032709366834074E-02
  0.3030138793524617E-02
  0.3027538343854730E-02
  0.3024908043459420E-02
  0.3022247918275304E-02
  0.3019557994530938E-02
  0.3016838298749189E-02
  0.3014088857742620E-02
  0.3011309698621274E-02
  0.3008500848787994E-02
  0.3005662335934520E-02
  0.3002794188050800E-02
  0.2999896433414685E-02
  0.2996969100597835E-02
  0.2994012218461359E-02
  0.2991025816162691E-02
  0.2988009923143119E-02
  0.2984964569139626E-02
  0.2981889784181771E-02
  0.2978785598580632E-02
  0.2975652042947251E-02
  0.2972489148175087E-02
  0.2969296945451035E-02
  0.2966075466247392E-02
  0.2962824742331338E-02
  0.2959544805749374E-02
  0.2956235688843113E-02
  0.2952897424236255E-02
  0.2949530044850099E-02
  0.2946133583879695E-02
  0.2942708074814712E-02
  0.2939253551432694E-02
  0.2935770047790229E-02
  0.2932257598237308E-02
  0.2928716237404155E-02
  0.2925146000206582E-02
  0.2921546921847879E-02
  0.2917919037813525E-02
  0.2914262383874776E-02
  0.2910576996080340E-02
  0.2906862910773955E-02
  0.2903120164570814E-02
  0.2899348794374515E-02
  0.2895548837369539E-02
  0.2891720331025231E-02
  0.2887863313085895E-02
  0.2883977821580859E-02
  0.2880063894823240E-02
  0.2876121571402571E-02
  0.2872150890185104E-02
  0.2868151890325447E-02
  0.2864124611251351E-02
  0.2860069092668730E-02
  0.2855985374564920E-02
  0.2851873497206758E-02
  0.2847733501132205E-02
  0.2843565427163699E-02
  0.2839369316396011E-02
  0.2835145210202302E-02
  0.2830893150229987E-02
  0.2826613178403356E-02
  0.2822305336923531E-02
  0.2817969668263184E-02
  0.2813606215171671E-02
  0.2809215020671264E-02
  0.2804796128056807E-02
  0.2800349580897723E-02
  0.2795875423037993E-02
  0.2791373698591256E-02
  0.2786844451938057E-02
  0.2782287727743348E-02
  0.2777703570928980E-02
  0.2773092026696826E-02
  0.2768453140514388E-02
  0.2763786958120637E-02
  0.2759093525523256E-02
  0.2754372888995354E-02
  0.2749625095085037E-02
  0.2744850190601742E-02
  0.2740048222625406E-02
  0.2735219238502732E-02
  0.2730363285843733E-02
  0.2725480412530608E-02
  0.2720570666704975E-02
  0.2715634096775107E-02
  0.2710670751417053E-02
  0.2705680679565163E-02
  0.2700663930420436E-02
  0.2695620553449613E-02
  0.2690550598371641E-02
  0.2685454115186963E-02
  0.2680331154135475E-02
  0.2675181765730084E-02
  0.2670006000748952E-02
  0.2664803910214019E-02
  0.2659575545422726E-02
  0.2654320957921389E-02
  0.2649040199525154E-02
  0.2643733322295265E-02
  0.2638400378556347E-02
  0.2633041420892510E-02
  0.2627656502142223E-02
  0.2622245675394262E-02
  0.2616808994004140E-02
  0.2611346511571801E-02
  0.2605858281956992E-02
  0.2600344359272513E-02
  0.2594804797883319E-02
  0.2589239652410672E-02
  0.2583648977722829E-02
  0.2578032828943292E-02
  0.2572391261442168E-02
  0.2566724330852226E-02
  0.2561032093040065E-02
  0.2555314604134172E-02
  0.2549571920503437E-02
  0.2543804098774902E-02
  0.2538011195809291E-02
  0.2532193268732577E-02
  0.2526350374901411E-02
  0.2520482571929531E-02
  0.2514589917668307E-02
  0.2508672470219200E-02
  0.2502730287926210E-02
  0.2496763429377982E-02
  0.2490771953406409E-02
  0.2484755919085957E-02
  0.2478715385733450E-02
  0.2472650412905710E-02
  0.2466561060403428E-02
  0.2460447388261547E-02
  0.2454309456765622E-02
  0.2448147326431771E-02
  0.2441961058015451E-02
  0.2435750712512625E-02
  0.2429516351153774E-02
  0.2423258035411555E-02
  0.2416975826986984E-02
  0.2410669787825596E-02
  0.2404339980102118E-02
  0.2397986466223366E-02
  0.2391609308836478E-02
  0.2385208570818217E-02
  0.2378784315277518E-02
  0.2372336605557599E-02
  0.2365865505225274E-02
  0.2359371078092842E-02
  0.2352853388185364E-02
  0.2346312499769582E-02
  0.2339748477339906E-02
  0.2333161385608780E-02
  0.2326551289528161E-02
  0.2319918254270035E-02
  0.2313262345235789E-02
  0.2306583628049408E-02
  0.2299882168561927E-02
  0.2293158032846454E-02
  0.2286411287203283E-02
  0.2279641998154427E-02
  0.2272850232439522E-02
  0.2266036057026414E-02
  0.2259199539100163E-02
  0.2252340746068050E-02
  0.2245459745554117E-02
  0.2238556605404504E-02
  0.2231631393682730E-02
  0.2224684178669139E-02
  0.2217715028859423E-02
  0.2210724012970297E-02
  0.2203711199930294E-02
  0.2196676658883556E-02
  0.2189620459189098E-02
  0.2182542670417580E-02
  0.2175443362357961E-02
  0.2168322605003937E-02
  0.2161180468566694E-02
  0.2154017023461355E-02
  0.2146832340325884E-02
  0.2139626489992064E-02
  0.2132399543509675E-02
  0.2125151572134663E-02
  0.2117882647331656E-02
  0.2110592840769181E-02
  0.2103282224320582E-02
  0.2095950870069560E-02
  0.2088598850300293E-02
  0.2081226237500765E-02
  0.2073833104365394E-02
  0.2066419523785460E-02
  0.2058985568860020E-02
  0.2051531312884585E-02
  0.2044056829355070E-02
  0.2036562191967878E-02
  0.2029047474620785E-02
  0.2021512751403003E-02
  0.2013958096609435E-02
  0.2006383584724443E-02
  0.1998789290428164E-02
  0.1991175288603255E-02
  0.1983541654317847E-02
  0.1975888462839936E-02
  0.1968215789628343E-02
  0.1960523710331201E-02
  0.1952812300792205E-02
  0.1945081637043777E-02
  0.1937331795305292E-02
  0.1929562851991889E-02
  0.1921774883702194E-02
  0.1913967967224082E-02
  0.1906142179530052E-02
  0.1898297597778749E-02
  0.1890434299320512E-02
  0.1882552361681155E-02
  0.1874651862576469E-02
  0.1866732879903907E-02
  0.1858795491741505E-02
  0.1850839776348825E-02
  0.1842865812167217E-02
  0.1834873677819598E-02
  0.1826863452104997E-02
  0.1818835214003930E-02
  0.1810789042671056E-02
  0.1802725017439505E-02
  0.1794643217819402E-02
  0.1786543723490352E-02
  0.1778426614320356E-02
  0.1770291970335239E-02
  0.1762139871741088E-02
  0.1753970398916305E-02
  0.1745783632410130E-02
  0.1737579652942925E-02
  0.1729358541399332E-02
  0.1721120378843147E-02
  0.1712865246497525E-02
  0.1704593225753910E-02
  0.1696304398176568E-02
  0.1687998845487993E-02
  0.1679676649581250E-02
  0.1671337892506515E-02
  0.1662982656486486E-02
  0.1654611023898857E-02
  0.1646223077287380E-02
  0.1637818899351564E-02
  0.1629398572960552E-02
  0.1620962181131046E-02
  0.1612509807046826E-02
  0.1604041534042452E-02
  0.1595557445617192E-02
  0.1587057625416411E-02
  0.1578542157252725E-02
  0.1570011125083727E-02
  0.1561464613020429E-02
  0.1552902705331007E-02
  0.1544325486435985E-02
  0.1535733040899161E-02
  0.1527125453443663E-02
  0.1518502808938550E-02
  0.1509865192400636E-02
  0.1501212688991350E-02
  0.1492545384024148E-02
  0.1483863362957711E-02
  0.1475166711392597E-02
  0.1466455515075249E-02
  0.1457729859896362E-02
  0.1448989831890086E-02
  0.1440235517228232E-02
  0.1431467002227481E-02
  0.1422684373343023E-02
  0.1413887717169431E-02
  0.1405077120438233E-02
  0.1396252670019480E-02
  0.1387414452920268E-02
  0.1378562556285747E-02
  0.1369697067390405E-02
  0.1360818073645042E-02
  0.1351925662596612E-02
  0.1343019921917627E-02
  0.1334100939422785E-02
  0.1325168803046428E-02
  0.1316223600856268E-02
  0.1307265421055691E-02
  0.1298294351962410E-02
  0.1289310482031710E-02
  0.1280313899844115E-02
  0.1271304694100554E-02
  0.1262282953630904E-02
  0.1253248767389135E-02
  0.1244202224446881E-02
  0.1235143413999564E-02
  0.1226072425367327E-02
  0.1216989347988726E-02
  0.1207894271416405E-02
  0.1198787285329115E-02
  0.1189668479517212E-02
  0.1180537943891162E-02
  0.1171395768474066E-02
  0.1162242043408683E-02
  0.1153076858943557E-02
  0.1143900305447190E-02
  0.1134712473398970E-02
  0.1125513453387169E-02
  0.1116303336111353E-02
  0.1107082212381190E-02
  0.1097850173116437E-02
  0.1088607309339927E-02
  0.1079353712185902E-02
  0.1070089472889557E-02
  0.1060814682797426E-02
  0.1051529433353730E-02
  0.1042233816107681E-02
  0.1032927922715051E-02
  0.1023611844928646E-02
  0.1014285674600362E-02
  0.1004949503685629E-02
  0.9956034242348754E-03
  0.9862475284003569E-03
  0.9768819084281391E-03
  0.9675066566584234E-03
  0.9581218655300816E-03
  0.9487276275767443E-03
  0.9393240354203631E-03
  0.9299111817788198E-03
  0.9204891594609803E-03
  0.9110580613630744E-03
  0.9016179804752625E-03
  0.8921690098757708E-03
  0.8827112427261301E-03
  0.8732447722797124E-03
  0.8637696918701484E-03
  0.8542860949196184E-03
  0.8447940749386623E-03
  0.8352937255111322E-03
  0.8257851403091459E-03
  0.8162684130866645E-03
  0.8067436376749712E-03
  0.7972109079852384E-03
  0.7876703180064099E-03
  0.7781219618088651E-03
  0.7685659335354974E-03
  0.7590023274067614E-03
  0.7494312377168567E-03
  0.7398527588353205E-03
  0.7302669852015923E-03
  0.7206740113277751E-03
  0.7110739318039099E-03
  0.7014668412773606E-03
  0.6918528344751663E-03
  0.6822320061879989E-03
  0.6726044512744552E-03
  0.6629702646601943E-03
  0.6533295413361566E-03
  0.6436823763551376E-03
  0.6340288648387603E-03
  0.6243691019658761E-03
  0.6147031829792503E-03
  0.6050312031841513E-03
  0.5953532579424106E-03
  0.5856694426745871E-03
  0.5759798528629825E-03
  0.5662845840438019E-03
  0.5565837318088087E-03
  0.5468773918072343E-03
  0.5371656597391053E-03
  0.5274486313628941E-03
  0.5177264024817640E-03
  0.5079990689578003E-03
  0.4982667266983636E-03
  0.4885294716605663E-03
  0.4787873998531246E-03
  0.4690406073308863E-03
  0.4592891901934477E-03
  0.4495332445875600E-03
  0.4397728667029221E-03
  0.4300081527770460E-03
  0.4202391990873477E-03
  0.4104661019497790E-03
  0.4006889577276519E-03
  0.3909078628226934E-03
  0.3811229136681923E-03
  0.3713342067469717E-03
  0.3615418385726101E-03
  0.3517459056946545E-03
  0.3419465046958900E-03
  0.3321437322009642E-03
  0.3223376848611906E-03
  0.3125284593622295E-03
  0.3027161524216833E-03
  0.2929008607860880E-03
  0.2830826812332450E-03
  0.2732617105699051E-03
  0.2634380456295817E-03
  0.2536117832726863E-03
  0.2437830203865296E-03
  0.2339518538846996E-03
  0.2241183807032994E-03
  0.2142826978029719E-03
  0.2044449021684949E-03
  0.1946050908070774E-03
  0.1847633607508410E-03
  0.1749198090538012E-03
  0.1650745327955575E-03
  0.1552276290806652E-03
  0.1453791950454151E-03
  0.1355293278661072E-03
  0.1256781247645436E-03
  0.1158256830399639E-03
  0.1059721000987178E-03
  0.9611747354481073E-04
  0.8626190132887545E-04
  0.7640548208446154E-04
  0.6654831593004782E-04
  0.5669050651150327E-04
  0.4683216706891479E-04
  0.3697344200610289E-04
  0.2711460656463231E-04
  0.1725676977333908E-04
  0.7413338416474137E-05
