 -0.9999971112980756    
 -0.9999847796329173    
 -0.9999625941483598    
 -0.9999305501355008    
 -0.9998886473067018    
 -0.9998368859309699    
 -0.9997752664706335    
 -0.9997037895136229    
 -0.9996224557554704    
 -0.9995312659933236    
 -0.9994302211236075    
 -0.9993193221410011    
 -0.9991985701379368    
 -0.9990679663043474    
 -0.9989275119275135    
 -0.9987772083919716    
 -0.9986170571794588    
 -0.9984470598688661    
 -0.9982672181362037    
 -0.9980775337545758    
 -0.9978780085941545    
 -0.9976686446221498    
 -0.9974494439027950    
 -0.9972204085973184    
 -0.9969815409639203    
 -0.9967328433577505    
 -0.9964743182308848    
 -0.9962059681322973    
 -0.9959277957078385    
 -0.9956398037002028    
 -0.9953419949489068    
 -0.9950343723902592    
 -0.9947169390573307    
 -0.9943896980799235    
 -0.9940526526845438    
 -0.9937058061943640    
 -0.9933491620291955    
 -0.9929827237054527    
 -0.9926064948361182    
 -0.9922204791307047    
 -0.9918246803952238    
 -0.9914191025321436    
 -0.9910037495403528    
 -0.9905786255151194    
 -0.9901437346480529    
 -0.9896990812270606    
 -0.9892446696363056    
 -0.9887805043561643    
 -0.9883065899631822    
 -0.9878229311300295    
 -0.9873295326254528    
 -0.9868263993142277    
 -0.9863135361571170    
 -0.9857909482108129    
 -0.9852586406278940    
 -0.9847166186567713    
 -0.9841648876416356    
 -0.9836034530224093    
 -0.9830323203346868    
 -0.9824514952096854    
 -0.9818609833741859    
 -0.9812607906504776    
 -0.9806509229563010    
 -0.9800313863047889    
 -0.9794021868044076    
 -0.9787633306588973    
 -0.9781148241672096    
 -0.9774566737234460    
 -0.9767888858167928    
 -0.9761114670314632    
 -0.9754244240466271    
 -0.9747277636363432    
 -0.9740214926694990    
 -0.9733056181097371    
 -0.9725801470153920    
 -0.9718450865394156    
 -0.9711004439293064    
 -0.9703462265270449    
 -0.9695824417690125    
 -0.9688090971859256    
 -0.9680262004027540    
 -0.9672337591386525    
 -0.9664317812068812    
 -0.9656202745147309    
 -0.9647992470634390    
 -0.9639687069481190    
 -0.9631286623576755    
 -0.9622791215747257    
 -0.9614200929755139    
 -0.9605515850298352    
 -0.9596736063009464    
 -0.9587861654454845    
 -0.9578892712133796    
 -0.9569829324477713    
 -0.9560671580849178    
 -0.9551419571541119    
 -0.9542073387775876    
 -0.9532633121704341    
 -0.9523098866405023    
 -0.9513470715883169    
 -0.9503748765069746    
 -0.9493933109820623    
 -0.9484023846915547    
 -0.9474021074057217    
 -0.9463924889870309    
 -0.9453735393900513    
 -0.9443452686613556    
 -0.9433076869394197    
 -0.9422608044545232    
 -0.9412046315286489    
 -0.9401391785753813    
 -0.9390644560998039    
 -0.9379804746983930    
 -0.9368872450589170    
 -0.9357847779603307    
 -0.9346730842726657    
 -0.9335521749569267    
 -0.9324220610649810    
 -0.9312827537394502    
 -0.9301342642136039    
 -0.9289766038112417    
 -0.9278097839465886    
 -0.9266338161241761    
 -0.9254487119387360    
 -0.9242544830750802    
 -0.9230511413079868    
 -0.9218386985020864    
 -0.9206171666117429    
 -0.9193865576809352    
 -0.9181468838431415    
 -0.9168981573212140    
 -0.9156403904272663    
 -0.9143735955625435    
 -0.9130977852173073    
 -0.9118129719707088    
 -0.9105191684906641    
 -0.9092163875337317    
 -0.9079046419449854    
 -0.9065839446578888    
 -0.9052543086941645    
 -0.9039157471636708    
 -0.9025682732642687    
 -0.9012119002816907    
 -0.8998466415894154    
 -0.8984725106485292    
 -0.8970895210075992    
 -0.8956976863025341    
 -0.8942970202564554    
 -0.8928875366795562    
 -0.8914692494689714    
 -0.8900421726086346    
 -0.8886063201691446    
 -0.8871617063076249    
 -0.8857083452675837    
 -0.8842462513787747    
 -0.8827754390570547    
 -0.8812959228042421    
 -0.8798077172079736    
 -0.8783108369415605    
 -0.8768052967638453    
 -0.8752911115190523    
 -0.8737682961366458    
 -0.8722368656311814    
 -0.8706968351021563    
 -0.8691482197338608    
 -0.8675910347952316    
 -0.8660252956396991    
 -0.8644510177050334    
 -0.8628682165131967    
 -0.8612769076701888    
 -0.8596771068658905    
 -0.8580688298739128    
 -0.8564520925514398    
 -0.8548269108390711    
 -0.8531933007606668    
 -0.8515512784231867    
 -0.8499008600165344    
 -0.8482420618133982    
 -0.8465749001690862    
 -0.8448993915213683    
 -0.8432155523903153    
 -0.8415233993781329    
 -0.8398229491689998    
 -0.8381142185289037    
 -0.8363972243054724    
 -0.8346719834278145    
 -0.8329385129063445    
 -0.8311968298326220    
 -0.8294469513791793    
 -0.8276888947993516    
 -0.8259226774271090    
 -0.8241483166768868    
 -0.8223658300434085    
 -0.8205752351015195    
 -0.8187765495060093    
 -0.8169697909914394    
 -0.8151549773719684    
 -0.8133321265411767    
 -0.8115012564718870    
 -0.8096623852159939    
 -0.8078155309042776    
 -0.8059607117462304    
 -0.8040979460298767    
 -0.8022272521215893    
 -0.8003486484659150    
 -0.7984621535853846    
 -0.7965677860803380    
 -0.7946655646287325    
 -0.7927555079859687    
 -0.7908376349846942    
 -0.7889119645346285    
 -0.7869785156223709    
 -0.7850373073112109    
 -0.7830883587409490    
 -0.7811316891276993    
 -0.7791673177637024    
 -0.7771952640171390    
 -0.7752155473319340    
 -0.7732281872275680    
 -0.7712332032988835    
 -0.7692306152158906    
 -0.7672204427235756    
 -0.7652027056417042    
 -0.7631774238646289    
 -0.7611446173610881    
 -0.7591043061740146    
 -0.7570565104203335    
 -0.7550012502907663    
 -0.7529385460496314    
 -0.7508684180346445    
 -0.7487908866567174    
 -0.7467059723997569    
 -0.7446136958204626    
 -0.7425140775481268    
 -0.7404071382844247    
 -0.7382928988032191    
 -0.7361713799503496    
 -0.7340426026434265    
 -0.7319065878716281    
 -0.7297633566954935    
 -0.7276129302467110    
 -0.7254553297279143    
 -0.7232905764124696    
 -0.7211186916442692    
 -0.7189396968375208    
 -0.7167536134765323    
 -0.7145604631155056    
 -0.7123602673783197    
 -0.7101530479583181    
 -0.7079388266180986    
 -0.7057176251892956    
 -0.7034894655723624    
 -0.7012543697363626    
 -0.6990123597187456    
 -0.6967634576251337    
 -0.6945076856291044    
 -0.6922450659719698    
 -0.6899756209625569    
 -0.6876993729769925    
 -0.6854163444584741    
 -0.6831265579170561    
 -0.6808300359294250    
 -0.6785268011386781    
 -0.6762168762540971    
 -0.6739002840509268    
 -0.6715770473701503    
 -0.6692471891182649    
 -0.6669107322670526    
 -0.6645676998533561    
 -0.6622181149788523    
 -0.6598620008098232    
 -0.6574993805769279    
 -0.6551302775749749    
 -0.6527547151626881    
 -0.6503727167624833    
 -0.6479843058602293    
 -0.6455895060050230    
 -0.6431883408089544    
 -0.6407808339468739    
 -0.6383670091561588    
 -0.6359468902364797    
 -0.6335205010495668    
 -0.6310878655189709    
 -0.6286490076298320    
 -0.6262039514286400    
 -0.6237527210229987    
 -0.6212953405813885    
 -0.6188318343329265    
 -0.6163622265671316    
 -0.6138865416336771    
 -0.6114048039421589    
 -0.6089170379618504    
 -0.6064232682214638    
 -0.6039235193089041    
 -0.6014178158710323    
 -0.5989061826134179    
 -0.5963886443000953    
 -0.5938652257533243    
 -0.5913359518533414    
 -0.5888008475381123    
 -0.5862599378030919    
 -0.5837132477009767    
 -0.5811608023414561    
 -0.5786026268909552    
 -0.5760387465724091    
 -0.5734691866649936    
 -0.5708939725038868    
 -0.5683131294800181    
 -0.5657266830398114    
 -0.5631346586849409    
 -0.5605370819720755    
 -0.5579339785126339    
 -0.5553253739725224    
 -0.5527112940718881    
 -0.5500917645848646    
 -0.5474668113393157    
 -0.5448364602165825    
 -0.5422007371512269    
 -0.5395596681307793    
 -0.5369132791954759    
 -0.5342615964380089    
 -0.5316046460032653    
 -0.5289424540880699    
 -0.5262750469409262    
 -0.5236024508617609    
 -0.5209246922016592    
 -0.5182417973626103    
 -0.5155537927972433    
 -0.5128607050085697    
 -0.5101625605497163    
 -0.5074593860236741    
 -0.5047512080830203    
 -0.5020380534296731    
 -0.4993199488146151    
 -0.4965969210376327    
 -0.4938689969470608    
 -0.4911362034394997    
 -0.4883985674595706    
 -0.4856561159996342    
 -0.4829088760995345    
 -0.4801568748463259    
 -0.4774001393740068    
 -0.4746386968632579    
 -0.4718725745411685    
 -0.4691017996809687    
 -0.4663263996017605    
 -0.4635464016682527    
 -0.4607618332904847    
 -0.4579727219235599    
 -0.4551790950673760    
 -0.4523809802663497    
 -0.4495784051091496    
 -0.4467713972284210    
 -0.4439599843005154    
 -0.4411441940452170    
 -0.4383240542254681    
 -0.4354995926470987    
 -0.4326708371585480    
 -0.4298378156505936    
 -0.4270005560560741    
 -0.4241590863496139    
 -0.4213134345473498    
 -0.4184636287066510    
 -0.4156096969258460    
 -0.4127516673439426    
 -0.4098895681403535    
 -0.4070234275346141    
 -0.4041532737861101    
 -0.4012791351937945    
 -0.3984010400959079    
 -0.3955190168697039    
 -0.3926330939311651    
 -0.3897432997347239    
 -0.3868496627729828    
 -0.3839522115764333    
 -0.3810509747131731    
 -0.3781459807886267    
 -0.3752372584452613    
 -0.3723248363623064    
 -0.3694087432554682    
 -0.3664890078766505    
 -0.3635656590136664    
 -0.3606387254899604    
 -0.3577082361643164    
 -0.3547742199305814    
 -0.3518367057173752    
 -0.3488957224878061    
 -0.3459512992391879    
 -0.3430034650027498    
 -0.3400522488433538    
 -0.3370976798592063    
 -0.3341397871815722    
 -0.3311785999744871    
 -0.3282141474344685    
 -0.3252464587902319    
 -0.3222755633023959    
 -0.3193014902632011    
 -0.3163242689962174    
 -0.3133439288560537    
 -0.3103604992280724    
 -0.3073740095280956    
 -0.3043844892021175    
 -0.3013919677260146    
 -0.2983964746052516    
 -0.2953980393745957    
 -0.2923966915978192    
 -0.2893924608674143    
 -0.2863853768042969    
 -0.2833754690575157    
 -0.2803627673039621    
 -0.2773473012480722    
 -0.2743291006215414    
 -0.2713081951830238    
 -0.2682846147178456    
 -0.2652583890377043    
 -0.2622295479803819    
 -0.2591981214094449    
 -0.2561641392139531    
 -0.2531276313081648    
 -0.2500886276312410    
 -0.2470471581469488    
 -0.2440032528433682    
 -0.2409569417325972    
 -0.2379082548504522    
 -0.2348572222561767    
 -0.2318038740321400    
 -0.2287482402835436    
 -0.2256903511381240    
 -0.2226302367458544    
 -0.2195679272786501    
 -0.2165034529300668    
 -0.2134368439150081    
 -0.2103681304694219    
 -0.2072973428500082    
 -0.2042245113339160    
 -0.2011496662184471    
 -0.1980728378207559    
 -0.1949940564775526    
 -0.1919133525448032    
 -0.1888307563974290    
 -0.1857462984290078    
 -0.1826600090514755    
 -0.1795719186948246    
 -0.1764820578068050    
 -0.1733904568526228    
 -0.1702971463146428    
 -0.1672021566920825    
 -0.1641055185007178    
 -0.1610072622725769    
 -0.1579074185556438    
 -0.1548060179135522    
 -0.1517030909252881    
 -0.1485986681848862    
 -0.1454927803011302    
 -0.1423854578972476    
 -0.1392767316106111    
 -0.1361666320924352    
 -0.1330551900074756    
 -0.1299424360337222    
 -0.1268284008621028    
 -0.1237131151961743    
 -0.1205966097518273    
 -0.1174789152569750    
 -0.1143600624512566    
 -0.1112400820857327    
 -0.1081190049225786    
 -0.1049968617347849    
 -0.1018736833058548    
 -0.9874950042949544E-01
 -0.9562434390932090E-01
 -0.9249824455854194E-01
 -0.8937123319966803E-01
 -0.8624334066419936E-01
 -0.8311459779232426E-01
 -0.7998503543261494E-01
 -0.7685468444172543E-01
 -0.7372357568408373E-01
 -0.7059174003158913E-01
 -0.6745920836330943E-01
 -0.6432601156517222E-01
 -0.6119218052966607E-01
 -0.5805774615553156E-01
 -0.5492273934745775E-01
 -0.5178719101577779E-01
 -0.4865113207616580E-01
 -0.4551459344932798E-01
 -0.4237760606070116E-01
 -0.3924020084014763E-01
 -0.3610240872164789E-01
 -0.3296426064299766E-01
 -0.2982578754550283E-01
 -0.2668702037367410E-01
 -0.2354799007492077E-01
 -0.2040872759924682E-01
 -0.1726926389894592E-01
 -0.1412962992829430E-01
 -0.1098985664324864E-01
 -0.7849975001139448E-02
 -0.4710015960363672E-02
 -0.1570010480082967E-02
  0.1570010480083737E-02
  0.4710015960363699E-02
  0.7849975001139519E-02
  0.1098985664324844E-01
  0.1412962992829368E-01
  0.1726926389894489E-01
  0.2040872759924585E-01
  0.2354799007491990E-01
  0.2668702037367338E-01
  0.2982578754550241E-01
  0.3296426064299676E-01
  0.3610240872164747E-01
  0.3924020084014705E-01
  0.4237760606070055E-01
  0.4551459344932710E-01
  0.4865113207616518E-01
  0.5178719101577720E-01
  0.5492273934745663E-01
  0.5805774615553089E-01
  0.6119218052966566E-01
  0.6432601156517159E-01
  0.6745920836330827E-01
  0.7059174003158866E-01
  0.7372357568408340E-01
  0.7685468444172519E-01
  0.7998503543261515E-01
  0.8311459779232369E-01
  0.8624334066419870E-01
  0.8937123319966797E-01
  0.9249824455854197E-01
  0.9562434390932077E-01
  0.9874950042949550E-01
  0.1018736833058547    
  0.1049968617347854    
  0.1081190049225786    
  0.1112400820857332    
  0.1143600624512575    
  0.1174789152569751    
  0.1205966097518273    
  0.1237131151961744    
  0.1268284008621024    
  0.1299424360337226    
  0.1330551900074756    
  0.1361666320924358    
  0.1392767316106110    
  0.1423854578972475    
  0.1454927803011304    
  0.1485986681848868    
  0.1517030909252882    
  0.1548060179135519    
  0.1579074185556433    
  0.1610072622725773    
  0.1641055185007174    
  0.1672021566920817    
  0.1702971463146418    
  0.1733904568526228    
  0.1764820578068047    
  0.1795719186948244    
  0.1826600090514754    
  0.1857462984290075    
  0.1888307563974284    
  0.1919133525448032    
  0.1949940564775524    
  0.1980728378207555    
  0.2011496662184465    
  0.2042245113339156    
  0.2072973428500083    
  0.2103681304694215    
  0.2134368439150077    
  0.2165034529300666    
  0.2195679272786497    
  0.2226302367458544    
  0.2256903511381240    
  0.2287482402835437    
  0.2318038740321399    
  0.2348572222561770    
  0.2379082548504524    
  0.2409569417325965    
  0.2440032528433677    
  0.2470471581469479    
  0.2500886276312408    
  0.2531276313081657    
  0.2561641392139538    
  0.2591981214094449    
  0.2622295479803826    
  0.2652583890377052    
  0.2682846147178459    
  0.2713081951830247    
  0.2743291006215423    
  0.2773473012480725    
  0.2803627673039623    
  0.2833754690575165    
  0.2863853768042972    
  0.2893924608674153    
  0.2923966915978198    
  0.2953980393745966    
  0.2983964746052519    
  0.3013919677260147    
  0.3043844892021183    
  0.3073740095280965    
  0.3103604992280724    
  0.3133439288560538    
  0.3163242689962171    
  0.3193014902632010    
  0.3222755633023956    
  0.3252464587902314    
  0.3282141474344690    
  0.3311785999744876    
  0.3341397871815722    
  0.3370976798592069    
  0.3400522488433539    
  0.3430034650027496    
  0.3459512992391882    
  0.3488957224878067    
  0.3518367057173755    
  0.3547742199305820    
  0.3577082361643169    
  0.3606387254899603    
  0.3635656590136668    
  0.3664890078766503    
  0.3694087432554684    
  0.3723248363623062    
  0.3752372584452616    
  0.3781459807886276    
  0.3810509747131736    
  0.3839522115764334    
  0.3868496627729829    
  0.3897432997347239    
  0.3926330939311645    
  0.3955190168697036    
  0.3984010400959075    
  0.4012791351937935    
  0.4041532737861100    
  0.4070234275346140    
  0.4098895681403524    
  0.4127516673439423    
  0.4156096969258463    
  0.4184636287066510    
  0.4213134345473498    
  0.4241590863496145    
  0.4270005560560746    
  0.4298378156505945    
  0.4326708371585482    
  0.4354995926470990    
  0.4383240542254683    
  0.4411441940452173    
  0.4439599843005150    
  0.4467713972284206    
  0.4495784051091493    
  0.4523809802663492    
  0.4551790950673759    
  0.4579727219235601    
  0.4607618332904844    
  0.4635464016682526    
  0.4663263996017608    
  0.4691017996809680    
  0.4718725745411683    
  0.4746386968632579    
  0.4774001393740060    
  0.4801568748463246    
  0.4829088760995344    
  0.4856561159996343    
  0.4883985674595707    
  0.4911362034394998    
  0.4938689969470600    
  0.4965969210376338    
  0.4993199488146144    
  0.5020380534296729    
  0.5047512080830205    
  0.5074593860236727    
  0.5101625605497165    
  0.5128607050085687    
  0.5155537927972433    
  0.5182417973626102    
  0.5209246922016586    
  0.5236024508617612    
  0.5262750469409269    
  0.5289424540880699    
  0.5316046460032655    
  0.5342615964380094    
  0.5369132791954759    
  0.5395596681307795    
  0.5422007371512265    
  0.5448364602165826    
  0.5474668113393151    
  0.5500917645848646    
  0.5527112940718873    
  0.5553253739725210    
  0.5579339785126325    
  0.5605370819720745    
  0.5631346586849392    
  0.5657266830398104    
  0.5683131294800184    
  0.5708939725038877    
  0.5734691866649934    
  0.5760387465724082    
  0.5786026268909544    
  0.5811608023414537    
  0.5837132477009779    
  0.5862599378030918    
  0.5888008475381116    
  0.5913359518533400    
  0.5938652257533238    
  0.5963886443000943    
  0.5989061826134168    
  0.6014178158710317    
  0.6039235193089041    
  0.6064232682214633    
  0.6089170379618505    
  0.6114048039421590    
  0.6138865416336766    
  0.6163622265671308    
  0.6188318343329274    
  0.6212953405813880    
  0.6237527210229985    
  0.6262039514286396    
  0.6286490076298321    
  0.6310878655189711    
  0.6335205010495673    
  0.6359468902364805    
  0.6383670091561592    
  0.6407808339468739    
  0.6431883408089547    
  0.6455895060050229    
  0.6479843058602294    
  0.6503727167624830    
  0.6527547151626890    
  0.6551302775749750    
  0.6574993805769284    
  0.6598620008098228    
  0.6622181149788521    
  0.6645676998533556    
  0.6669107322670521    
  0.6692471891182653    
  0.6715770473701510    
  0.6739002840509272    
  0.6762168762540973    
  0.6785268011386780    
  0.6808300359294254    
  0.6831265579170561    
  0.6854163444584741    
  0.6876993729769930    
  0.6899756209625582    
  0.6922450659719704    
  0.6945076856291058    
  0.6967634576251341    
  0.6990123597187456    
  0.7012543697363632    
  0.7034894655723632    
  0.7057176251892958    
  0.7079388266180988    
  0.7101530479583181    
  0.7123602673783190    
  0.7145604631155061    
  0.7167536134765327    
  0.7189396968375201    
  0.7211186916442698    
  0.7232905764124693    
  0.7254553297279132    
  0.7276129302467121    
  0.7297633566954941    
  0.7319065878716287    
  0.7340426026434264    
  0.7361713799503500    
  0.7382928988032202    
  0.7404071382844247    
  0.7425140775481267    
  0.7446136958204631    
  0.7467059723997569    
  0.7487908866567183    
  0.7508684180346453    
  0.7529385460496326    
  0.7550012502907667    
  0.7570565104203344    
  0.7591043061740147    
  0.7611446173610891    
  0.7631774238646294    
  0.7652027056417048    
  0.7672204427235755    
  0.7692306152158904    
  0.7712332032988835    
  0.7732281872275686    
  0.7752155473319351    
  0.7771952640171395    
  0.7791673177637028    
  0.7811316891276997    
  0.7830883587409500    
  0.7850373073112117    
  0.7869785156223711    
  0.7889119645346295    
  0.7908376349846944    
  0.7927555079859686    
  0.7946655646287328    
  0.7965677860803377    
  0.7984621535853853    
  0.8003486484659151    
  0.8022272521215903    
  0.8040979460298756    
  0.8059607117462302    
  0.8078155309042775    
  0.8096623852159945    
  0.8115012564718875    
  0.8133321265411760    
  0.8151549773719685    
  0.8169697909914391    
  0.8187765495060091    
  0.8205752351015192    
  0.8223658300434086    
  0.8241483166768863    
  0.8259226774271093    
  0.8276888947993509    
  0.8294469513791793    
  0.8311968298326224    
  0.8329385129063446    
  0.8346719834278140    
  0.8363972243054731    
  0.8381142185289029    
  0.8398229491690000    
  0.8415233993781331    
  0.8432155523903156    
  0.8448993915213683    
  0.8465749001690859    
  0.8482420618133983    
  0.8499008600165341    
  0.8515512784231862    
  0.8531933007606665    
  0.8548269108390710    
  0.8564520925514399    
  0.8580688298739131    
  0.8596771068658904    
  0.8612769076701884    
  0.8628682165131966    
  0.8644510177050330    
  0.8660252956396981    
  0.8675910347952316    
  0.8691482197338604    
  0.8706968351021553    
  0.8722368656311805    
  0.8737682961366461    
  0.8752911115190520    
  0.8768052967638446    
  0.8783108369415603    
  0.8798077172079731    
  0.8812959228042425    
  0.8827754390570544    
  0.8842462513787747    
  0.8857083452675838    
  0.8871617063076249    
  0.8886063201691443    
  0.8900421726086341    
  0.8914692494689709    
  0.8928875366795553    
  0.8942970202564543    
  0.8956976863025333    
  0.8970895210075982    
  0.8984725106485285    
  0.8998466415894149    
  0.9012119002816904    
  0.9025682732642679    
  0.9039157471636705    
  0.9052543086941645    
  0.9065839446578884    
  0.9079046419449852    
  0.9092163875337316    
  0.9105191684906629    
  0.9118129719707080    
  0.9130977852173062    
  0.9143735955625426    
  0.9156403904272646    
  0.9168981573212132    
  0.9181468838431404    
  0.9193865576809351    
  0.9206171666117425    
  0.9218386985020863    
  0.9230511413079862    
  0.9242544830750798    
  0.9254487119387358    
  0.9266338161241764    
  0.9278097839465884    
  0.9289766038112416    
  0.9301342642136038    
  0.9312827537394510    
  0.9324220610649803    
  0.9335521749569261    
  0.9346730842726656    
  0.9357847779603301    
  0.9368872450589167    
  0.9379804746983924    
  0.9390644560998030    
  0.9401391785753814    
  0.9412046315286492    
  0.9422608044545230    
  0.9433076869394196    
  0.9443452686613557    
  0.9453735393900518    
  0.9463924889870307    
  0.9474021074057214    
  0.9484023846915547    
  0.9493933109820624    
  0.9503748765069745    
  0.9513470715883172    
  0.9523098866405033    
  0.9532633121704345    
  0.9542073387775881    
  0.9551419571541118    
  0.9560671580849177    
  0.9569829324477707    
  0.9578892712133797    
  0.9587861654454840    
  0.9596736063009458    
  0.9605515850298348    
  0.9614200929755137    
  0.9622791215747254    
  0.9631286623576754    
  0.9639687069481183    
  0.9647992470634388    
  0.9656202745147299    
  0.9664317812068816    
  0.9672337591386521    
  0.9680262004027537    
  0.9688090971859247    
  0.9695824417690128    
  0.9703462265270445    
  0.9711004439293062    
  0.9718450865394148    
  0.9725801470153921    
  0.9733056181097371    
  0.9740214926694983    
  0.9747277636363427    
  0.9754244240466269    
  0.9761114670314636    
  0.9767888858167926    
  0.9774566737234447    
  0.9781148241672086    
  0.9787633306588974    
  0.9794021868044068    
  0.9800313863047886    
  0.9806509229563006    
  0.9812607906504776    
  0.9818609833741857    
  0.9824514952096852    
  0.9830323203346869    
  0.9836034530224089    
  0.9841648876416357    
  0.9847166186567706    
  0.9852586406278938    
  0.9857909482108134    
  0.9863135361571164    
  0.9868263993142278    
  0.9873295326254521    
  0.9878229311300294    
  0.9883065899631825    
  0.9887805043561643    
  0.9892446696363051    
  0.9896990812270605    
  0.9901437346480534    
  0.9905786255151203    
  0.9910037495403530    
  0.9914191025321437    
  0.9918246803952243    
  0.9922204791307050    
  0.9926064948361186    
  0.9929827237054534    
  0.9933491620291960    
  0.9937058061943633    
  0.9940526526845430    
  0.9943896980799235    
  0.9947169390573307    
  0.9950343723902594    
  0.9953419949489070    
  0.9956398037002027    
  0.9959277957078383    
  0.9962059681322977    
  0.9964743182308842    
  0.9967328433577499    
  0.9969815409639189    
  0.9972204085973179    
  0.9974494439027951    
  0.9976686446221495    
  0.9978780085941542    
  0.9980775337545769    
  0.9982672181362039    
  0.9984470598688656    
  0.9986170571794587    
  0.9987772083919714    
  0.9989275119275132    
  0.9990679663043475    
  0.9991985701379364    
  0.9993193221410006    
  0.9994302211236079    
  0.9995312659933234    
  0.9996224557554708    
  0.9997037895136226    
  0.9997752664706336    
  0.9998368859309696    
  0.9998886473067011    
  0.9999305501355010    
  0.9999625941483601    
  0.9999847796329172    
  0.9999971112980754    
