   1.0000000e+00
   2.0000000e+00
   3.0000000e+00
   4.0000000e+00
   5.0000000e+00
   6.0000000e+00
   7.0000000e+00
   8.0000000e+00
   9.0000000e+00
   1.0000000e+01
   1.1000000e+01
   1.2000000e+01
   1.3000000e+01
   1.4000000e+01
   1.5000000e+01
   1.6000000e+01
   1.7000000e+01
   1.8000000e+01
   1.9000000e+01
   2.0000000e+01
   2.1000000e+01
   2.2000000e+01
   2.3000000e+01
   2.4000000e+01
<<<<<<< HEAD
   2.5000000e+01
   2.6000000e+01
   2.7000000e+01
   2.8000000e+01
   2.9000000e+01
   3.0000000e+01
   3.1000000e+01
   3.2000000e+01
   3.7000000e+01
   3.8000000e+01
   4.2000000e+01
   4.3000000e+01
   4.8000000e+01
   4.9000000e+01
   5.7000000e+01
   5.8000000e+01
   6.2000000e+01
   6.3000000e+01
   6.8000000e+01
   7.0000000e+01
   7.5000000e+01
   7.6000000e+01
   8.5000000e+01
   8.6000000e+01
   9.3000000e+01
   9.6000000e+01
   1.0100000e+02
   1.0400000e+02
   1.1700000e+02
   1.2000000e+02
   1.2400000e+02
   1.2600000e+02
   1.3500000e+02
   1.4000000e+02
   1.4900000e+02
   1.5800000e+02
   1.6200000e+02
   1.6800000e+02
   1.7500000e+02
   1.9200000e+02
   1.9500000e+02
   2.0000000e+02
   2.0700000e+02
   2.2500000e+02
   2.3400000e+02
   2.3900000e+02
   2.4200000e+02
   2.6500000e+02
   2.7600000e+02
   2.8200000e+02
   2.9300000e+02
   3.1200000e+02
   3.2200000e+02
   3.2800000e+02
   3.5000000e+02
   3.6400000e+02
   3.6700000e+02
   3.8800000e+02
   4.1000000e+02
   4.1700000e+02
   4.3500000e+02
   4.6000000e+02
   4.6500000e+02
   5.0000000e+02
   5.1000000e+02
   5.2100000e+02
   5.5800000e+02
   5.6600000e+02
   6.0400000e+02
   6.1300000e+02
   6.3800000e+02
   6.6500000e+02
   6.7900000e+02
   7.1800000e+02
   7.2800000e+02
   7.7200000e+02
   7.7900000e+02
   8.2700000e+02
   8.3500000e+02
   8.8000000e+02
   8.9300000e+02
   9.3700000e+02
   9.5100000e+02
   9.9500000e+02
   1.0480000e+03
   1.0490000e+03
   1.0930000e+03
   1.1270000e+03
   1.1760000e+03
   1.1940000e+03
   1.2510000e+03
   1.3050000e+03
   1.3180000e+03
   1.3790000e+03
   1.3860000e+03
   1.4510000e+03
   1.4980000e+03
   1.5730000e+03
   1.5740000e+03
   1.6500000e+03
   1.6680000e+03
   1.7720000e+03
   1.7730000e+03
   1.9060000e+03
   1.9070000e+03
   1.9850000e+03
   1.9870000e+03
   2.1140000e+03
   2.1170000e+03
   2.2520000e+03
   2.2550000e+03
   2.3830000e+03
   2.3930000e+03
   2.4630000e+03
   2.5340000e+03
   2.6050000e+03
   2.6760000e+03
   2.7470000e+03
   2.8180000e+03
   2.8890000e+03
   2.8920000e+03
   3.0320000e+03
   3.0370000e+03
   3.1760000e+03
   3.1790000e+03
   3.3200000e+03
   3.3210000e+03
   3.4640000e+03
   3.4650000e+03
   3.6080000e+03
   3.6090000e+03
   3.7520000e+03
   3.7530000e+03
   3.8960000e+03
   3.8970000e+03
   4.0400000e+03
   4.0410000e+03
   4.1840000e+03
   4.1850000e+03
   4.3260000e+03
   4.3270000e+03
   4.4680000e+03
   4.4690000e+03
   4.5980000e+03
   4.6100000e+03
   4.7320000e+03
   4.7420000e+03
   4.8210000e+03
   4.8760000e+03
   4.9600000e+03
   4.9610000e+03
   5.0850000e+03
   5.0980000e+03
   5.1670000e+03
   5.2230000e+03
   5.2990000e+03
   5.3040000e+03
   5.4270000e+03
   5.4360000e+03
   5.5040000e+03
   5.5480000e+03
   5.6330000e+03
   5.6390000e+03
   5.7050000e+03
   5.7660000e+03
   5.8320000e+03
   5.8360000e+03
   5.9020000e+03
   5.9620000e+03
   6.0280000e+03
   6.0300000e+03
   6.1350000e+03
   6.1540000e+03
   6.2180000e+03
   6.2190000e+03
   6.3250000e+03
   6.3390000e+03
   6.4030000e+03
   6.4050000e+03
   6.5060000e+03
   6.5200000e+03
   6.5840000e+03
   6.5880000e+03
   6.6440000e+03
   6.6970000e+03
   6.7500000e+03
   6.7630000e+03
   6.8140000e+03
   6.8660000e+03
   6.8770000e+03
   6.9320000e+03
   6.9750000e+03
   7.0270000e+03
   7.0340000e+03
   7.0870000e+03
   7.0920000e+03
   7.1470000e+03
   7.1480000e+03
   7.1980000e+03
   7.2100000e+03
   7.2500000e+03
   7.2960000e+03
   7.3010000e+03
   7.3480000e+03
   7.3520000e+03
   7.3980000e+03
   7.4040000e+03
   7.4470000e+03
   7.4530000e+03
   7.4970000e+03
   7.5030000e+03
   7.5440000e+03
   7.5500000e+03
   7.5910000e+03
   7.5930000e+03
   7.6350000e+03
   7.6370000e+03
   7.6780000e+03
   7.6790000e+03
   7.7170000e+03
   7.7200000e+03
   7.7570000e+03
   7.7600000e+03
   7.7970000e+03
   7.7980000e+03
   7.8340000e+03
   7.8350000e+03
   7.8560000e+03
   7.8720000e+03
   7.8790000e+03
   7.8880000e+03
   7.9110000e+03
   7.9140000e+03
   7.9430000e+03
   7.9460000e+03
   7.9640000e+03
   7.9750000e+03
   7.9800000e+03
   7.9850000e+03
   8.0090000e+03
   8.0100000e+03
   8.0240000e+03
   8.0300000e+03
   8.0420000e+03
   8.0440000e+03
   8.0590000e+03
   8.0670000e+03
   8.0710000e+03
   8.0770000e+03
   8.0890000e+03
   8.0950000e+03
   8.0970000e+03
   8.1000000e+03
   8.1090000e+03
   8.1130000e+03
   8.1220000e+03
   8.1240000e+03
   8.1300000e+03
   8.1360000e+03
   8.1420000e+03
   8.1430000e+03
   8.1460000e+03
   8.1490000e+03
   8.1530000e+03
   8.1550000e+03
   8.1610000e+03
   8.1620000e+03
   8.1670000e+03
   8.1690000e+03
   8.1730000e+03
   8.1760000e+03
   8.1770000e+03
   8.1780000e+03
   8.1790000e+03
   8.1800000e+03
   8.1810000e+03
   8.1820000e+03
   8.1830000e+03
   8.1840000e+03
   8.1850000e+03
   8.1860000e+03
   8.1870000e+03
   8.1880000e+03
   8.1890000e+03
   8.1900000e+03
   8.1910000e+03
   8.1920000e+03
   8.1930000e+03
   8.1940000e+03
   8.1950000e+03
   8.1960000e+03
   8.1970000e+03
   8.1980000e+03
   8.1990000e+03
=======
   2.6000000e+01
   2.9000000e+01
   3.2000000e+01
   3.4000000e+01
   3.7000000e+01
   3.8000000e+01
   4.7000000e+01
   4.8000000e+01
   5.3000000e+01
   5.4000000e+01
   5.9000000e+01
   6.0000000e+01
   6.9000000e+01
   7.0000000e+01
   7.8000000e+01
   8.0000000e+01
   9.1000000e+01
   9.3000000e+01
   1.0500000e+02
   1.0600000e+02
   1.1700000e+02
   1.2700000e+02
   1.3200000e+02
   1.4500000e+02
   1.5500000e+02
   1.5900000e+02
   1.7800000e+02
   1.8500000e+02
   1.9100000e+02
   2.1500000e+02
   2.1700000e+02
   2.4300000e+02
   2.4500000e+02
   2.7300000e+02
   2.7400000e+02
   3.0400000e+02
   3.0700000e+02
   3.3800000e+02
   3.3900000e+02
   3.7500000e+02
   3.7700000e+02
   4.1800000e+02
   4.1900000e+02
   4.5500000e+02
   4.7900000e+02
   5.2700000e+02
   5.2800000e+02
   5.6700000e+02
   5.9400000e+02
   6.4000000e+02
   6.5900000e+02
   7.1800000e+02
   7.2100000e+02
   7.9600000e+02
   7.9700000e+02
   8.5900000e+02
   8.7600000e+02
   9.4600000e+02
   9.5600000e+02
   1.0310000e+03
   1.0360000e+03
   1.1120000e+03
   1.1160000e+03
   1.1920000e+03
   1.1960000e+03
   1.2750000e+03
   1.2760000e+03
   1.3540000e+03
   1.3550000e+03
   1.4320000e+03
   1.4330000e+03
   1.5060000e+03
   1.5110000e+03
   1.5500000e+03
   1.5870000e+03
   1.6260000e+03
   1.6570000e+03
   1.6920000e+03
   1.7010000e+03
   1.7380000e+03
   1.7740000e+03
   1.8090000e+03
   1.8270000e+03
   1.8470000e+03
   1.8820000e+03
   1.9120000e+03
   1.9450000e+03
   1.9510000e+03
   1.9850000e+03
   2.0090000e+03
   2.0240000e+03
   2.0500000e+03
   2.0820000e+03
   2.0840000e+03
   2.1160000e+03
   2.1220000e+03
   2.1610000e+03
   2.1690000e+03
   2.2030000e+03
   2.2040000e+03
   2.2330000e+03
   2.2350000e+03
   2.2610000e+03
   2.2650000e+03
   2.2890000e+03
   2.2940000e+03
   2.3120000e+03
   2.3200000e+03
   2.3350000e+03
   2.3450000e+03
   2.3550000e+03
   2.3690000e+03
   2.3770000e+03
   2.3910000e+03
   2.3960000e+03
   2.4120000e+03
   2.4160000e+03
   2.4290000e+03
   2.4340000e+03
   2.4420000e+03
   2.4490000e+03
   2.4570000e+03
   2.4620000e+03
   2.4700000e+03
   2.4740000e+03
   2.4800000e+03
   2.4820000e+03
   2.4900000e+03
   2.4910000e+03
   2.4960000e+03
   2.4970000e+03
   2.5050000e+03
   2.5060000e+03
   2.5100000e+03
   2.5120000e+03
   2.5140000e+03
   2.5150000e+03
   2.5160000e+03
   2.5170000e+03
   2.5180000e+03
   2.5190000e+03
   2.5200000e+03
   2.5210000e+03
   2.5220000e+03
   2.5230000e+03
   2.5240000e+03
   2.5250000e+03
   2.5260000e+03
   2.5270000e+03
   2.5280000e+03
   2.5290000e+03
   2.5300000e+03
>>>>>>> parent of 16c9463... CONVERGENCE
