   6.8001106e-01   5.5643473e-03
   6.8007124e-01  -1.4126031e-02
   6.8022612e-01   2.5159714e-02
   6.8046343e-01  -3.6004776e-02
   6.8079461e-01   4.7120564e-02
   6.8108030e-01  -5.4916412e-02
   6.8156864e-01   6.6122043e-02
   6.8207916e-01  -7.6061743e-02
   6.8275141e-01   8.7402323e-02
   6.8323905e-01  -9.4756369e-02
   6.8408445e-01   1.0625934e-01
   6.8485904e-01  -1.1575141e-01
   6.8591414e-01   1.2748223e-01
   6.8669054e-01  -1.3542051e-01
   6.8795865e-01   1.4739268e-01
   6.8866827e-01  -1.5364557e-01
   6.9017688e-01   1.6607090e-01
   6.9126624e-01  -1.7442350e-01
   6.9309495e-01   1.8748835e-01
   6.9391921e-01  -1.9303995e-01
   6.9584859e-01   5.3454928e-03
   6.9615801e-01   2.0722959e-01
   6.9636781e-01  -2.8079584e-02
   6.9659659e-01   3.8848659e-02
   6.9731739e-01  -2.1413124e-01
   6.9814532e-01  -6.5818461e-02
   6.9863331e-01   7.6735391e-02
   6.9990955e-01   2.2863326e-01
   7.0047483e-01  -1.0386933e-01
   7.0092359e-01  -2.3399748e-01
   7.0123362e-01   1.1502017e-01
   7.0269281e-01  -4.7129210e-02
   7.0303757e-01   5.7893819e-02
   7.0382216e-01   2.4850707e-01
   7.0408736e-01  -1.1539787e-02
   7.0415395e-01   2.2162860e-02
   7.0418172e-01  -8.4922762e-02
   7.0473534e-01  -2.5285016e-01
   7.0474930e-01  -1.2375961e-01
   7.0479162e-01   9.5837417e-02
   7.0573260e-01   1.3483395e-01
   7.0655468e-01  -1.6159893e-01
   7.0769782e-01   1.7335185e-01
   7.0833574e-01   2.6905046e-01
   7.0961855e-01  -2.7450133e-01
   7.1017879e-01  -1.4234714e-01
   7.1103559e-01   1.5343776e-01
   7.1156696e-01  -1.9995435e-01
   7.1351456e-01   2.9015853e-01
   7.1387206e-01  -1.8028550e-01
   7.1425608e-01   1.9237345e-01
   7.1470911e-01  -2.9471305e-01
   7.1485075e-01   2.1520032e-01
   7.1648577e-01  -3.0384384e-02
   7.1667522e-01   4.0903039e-02
   7.1689630e-01  -6.6456198e-02
   7.1717018e-01   5.2456422e-03
   7.1731844e-01   7.7051062e-02
   7.1752274e-01  -2.1945014e-01
   7.1824302e-01  -1.0448734e-01
   7.1894917e-01   1.1509443e-01
   7.1898106e-01   3.1016862e-01
   7.2096373e-01  -3.1693908e-01
   7.2156382e-01   2.3501459e-01
   7.2245105e-01  -2.5862820e-01
   7.2387379e-01   2.5397625e-01
   7.2395581e-01  -2.3793435e-01
   7.2451580e-01   3.2849955e-01
   7.2488451e-01  -1.2414570e-01
   7.2529572e-01  -4.8763784e-02
   7.2541239e-01  -1.6036596e-01
   7.2559925e-01   1.3462077e-01
   7.2559931e-01   5.9192430e-02
   7.2568918e-01  -8.5659625e-02
   7.2585265e-01   1.7089458e-01
   7.2625095e-01   9.6076471e-02
   7.2640904e-01  -1.2869580e-02
   7.2648140e-01   2.3261740e-02
   7.2763094e-01  -3.3808956e-01
   7.2770513e-01   2.7603445e-01
   7.2920388e-01  -1.9840093e-01
   7.3011994e-01   2.0434328e-01
   7.3021943e-01  -2.7748191e-01
   7.3147437e-01   3.4928544e-01
   7.3293827e-01  -3.0129706e-01
   7.3337624e-01  -1.4199396e-01
   7.3411949e-01   1.5219214e-01
   7.3471063e-01   2.9610825e-01
   7.3477162e-01  -3.5838092e-01
   7.3543968e-01  -1.7876599e-01
   7.3701514e-01   1.8663502e-01
   7.3702088e-01  -2.1757183e-01
   7.3708313e-01   2.2289411e-01
   7.3733616e-01  -6.7536542e-02
   7.3750924e-01  -1.0499602e-01
   7.3756600e-01  -3.1212937e-02
   7.3774391e-01   4.1483568e-02
   7.3775784e-01   7.7784031e-02
   7.3810202e-01   5.1365928e-03
   7.3815019e-01   1.1519938e-01
   7.3882058e-01   3.6896543e-01
   7.3977058e-01  -2.5433459e-01
   7.4102933e-01  -3.2222992e-01
   7.4120823e-01   2.6086929e-01
   7.4267889e-01  -3.7850310e-01
   7.4305782e-01   3.3315446e-01
   7.4345431e-01   3.1431058e-01
   7.4459170e-01   2.4163387e-01
   7.4605276e-01  -1.2373494e-01
   7.4619438e-01  -1.5987241e-01
   7.4619768e-01  -2.8812469e-01
   7.4648027e-01  -2.3474674e-01
   7.4672610e-01   1.3371745e-01
   7.4678638e-01   3.8811902e-01
   7.4706341e-01  -8.6329789e-02
   7.4726591e-01  -4.9559309e-02
   7.4752204e-01   1.6858397e-01
   7.4757007e-01   5.9707277e-02
   7.4761300e-01   9.6424754e-02
   7.4806734e-01  -1.3169590e-02
   7.4814613e-01   2.3340138e-02
   7.4834862e-01  -1.9723881e-01
   7.4865152e-01   2.7967258e-01
   7.4907188e-01  -3.4198223e-01
   7.4995971e-01   2.0498650e-01
   7.5158650e-01  -2.6951909e-01
   7.5178684e-01  -3.9914155e-01
   7.5189663e-01   3.5240456e-01
   7.5410144e-01  -3.0683302e-01
   7.5544283e-01   4.0676308e-01
   7.5583813e-01  -1.4156140e-01
   7.5607064e-01  -3.6119715e-01
   7.5695912e-01  -1.7801976e-01
   7.5697262e-01   2.9764808e-01
   7.5705793e-01   1.5082879e-01
   7.5791094e-01  -2.1538257e-01
   7.5798693e-01  -1.0500079e-01
   7.5808863e-01   2.2405383e-01
   7.5832564e-01  -6.8054289e-02
   7.5863855e-01   1.1491449e-01
   7.5867984e-01   1.8658445e-01
   7.5875567e-01   7.8068827e-02
   7.5876639e-01  -3.1531651e-02
   7.5895393e-01   4.1590843e-02
   7.5919326e-01   5.0393738e-03
   7.5982711e-01   2.5977463e-01
   7.6006128e-01   3.7133621e-01
   7.6076956e-01  -2.5051346e-01
   7.6100034e-01   3.3236672e-01
   7.6161266e-01  -4.1885965e-01
   7.6246777e-01  -3.2568246e-01
   7.6293175e-01  -3.8275264e-01
   7.6474778e-01   4.2466428e-01
   7.6534298e-01  -2.8744493e-01
   7.6715473e-01   3.1462147e-01
   7.6755793e-01  -1.5941093e-01
   7.6756787e-01  -1.2331305e-01
   7.6760846e-01   2.4168731e-01
   7.6845644e-01  -8.6500619e-02
   7.6853442e-01   1.3285178e-01
   7.6867369e-01   3.9017799e-01
   7.6885910e-01  -1.9605648e-01
   7.6886908e-01  -4.9861963e-02
   7.6902621e-01   9.6388504e-02
   7.6906588e-01  -2.3211797e-01
   7.6908071e-01   1.6851677e-01
   7.6915562e-01   2.7874065e-01
   7.6918254e-01   5.9822927e-02
   7.6947937e-01  -1.3314422e-02
   7.6956883e-01   2.3309162e-02
   7.7011063e-01   2.0539308e-01
   7.7126693e-01  -3.4442905e-01
   7.7146039e-01   3.5199235e-01
   7.7230907e-01  -4.3779741e-01
   7.7265204e-01  -2.6822961e-01
   7.7279308e-01  -4.0233716e-01
   7.7417118e-01  -3.0629258e-01
   7.7448174e-01   4.4135866e-01
   7.7504125e-01  -3.6779065e-01
   7.7790789e-01  -1.4114517e-01
   7.7812079e-01   4.0896344e-01
   7.7858462e-01  -1.7730734e-01
   7.7890448e-01   2.9678009e-01
   7.7906759e-01  -1.0483453e-01
   7.7921957e-01   1.5055455e-01
   7.7955968e-01  -6.8185349e-02
   7.7960992e-01   2.2374778e-01
   7.7961382e-01  -2.1365736e-01
   7.7986042e-01   1.1451108e-01
   7.8000037e-01   1.8686412e-01
   7.8000843e-01   7.8049977e-02
   7.8002925e-01  -3.1651059e-02
   7.8022937e-01   4.1567571e-02
   7.8023229e-01   2.5996270e-01
   7.8037677e-01   4.9674364e-03
   7.8052471e-01   3.7123427e-01
   7.8102389e-01   3.3296347e-01
   7.8191890e-01  -2.4948366e-01
   7.8284630e-01  -4.2114117e-01
   7.8294381e-01  -3.2465181e-01
   7.8437925e-01  -4.5648899e-01
   7.8437925e-01   4.5648899e-01
   7.8463957e-01  -3.8741662e-01
   7.8491747e-01  -2.8664171e-01
   7.8795229e-01  -3.5504650e-01
   7.8859596e-01   4.2781404e-01
   7.8919047e-01  -1.5893352e-01
   7.8920424e-01  -1.2292677e-01
   7.8951253e-01   3.1463788e-01
   7.8970659e-01   3.9009337e-01
   7.8978442e-01   2.4170742e-01
   7.8988838e-01  -8.6447580e-02
   7.9017721e-01  -1.9506616e-01
   7.9025733e-01   1.3251758e-01
   7.9034325e-01  -4.9922439e-02
   7.9038263e-01   2.7840109e-01
   7.9052265e-01   1.6862194e-01
   7.9052483e-01   9.6194315e-02
   7.9067143e-01   5.9771850e-02
   7.9081823e-01  -1.3368989e-02
   7.9091606e-01   2.3251162e-02
   7.9100194e-01   2.0526826e-01
   7.9104604e-01  -2.3109555e-01
   7.9164375e-01   3.5210076e-01
   7.9263812e-01  -4.4022761e-01
   7.9358959e-01  -2.6755597e-01
   7.9447009e-01  -3.0515431e-01
   7.9484986e-01  -4.0679967e-01
   7.9539666e-01  -3.3874343e-01
   7.9582777e-01   4.7196966e-01
   7.9674184e-01  -4.7312044e-01
   7.9732146e-01  -3.7325304e-01
   7.9942516e-01   4.0864725e-01
   7.9981693e-01  -1.4074644e-01
   8.0025245e-01   4.4686423e-01
   8.0033477e-01  -1.7670228e-01
   8.0044379e-01  -1.0459785e-01
   8.0064995e-01   2.9654364e-01
   8.0091689e-01  -6.8146241e-02
   8.0098918e-01   1.5050239e-01
   8.0111711e-01   2.2354362e-01
   8.0119237e-01   3.7099836e-01
   8.0128181e-01   1.1429623e-01
   8.0130551e-01   2.5988739e-01
   8.0131882e-01  -2.1280922e-01
   8.0134681e-01  -3.1655182e-02
   8.0138423e-01   1.8686047e-01
   8.0140105e-01   7.7926405e-02
   8.0155886e-01   4.1492020e-02
   8.0163044e-01   4.9261910e-03
   8.0164416e-01   3.3309788e-01
   8.0311856e-01  -2.4892711e-01
   8.0441686e-01  -4.2722590e-01
   8.0516210e-01  -2.8589233e-01
   8.0559972e-01  -3.2150811e-01
   8.0680561e-01  -3.9190128e-01
   8.0818562e-01  -4.5198754e-01
   8.0878915e-01  -3.5646932e-01
   8.0944228e-01   4.8792293e-01
   8.0982636e-01   4.2689588e-01
   8.1077385e-01   3.8952666e-01
   8.1089114e-01  -1.2257885e-01
   8.1092840e-01  -4.8951783e-01
   8.1094395e-01  -1.5851604e-01
   8.1132979e-01   3.1465269e-01
   8.1137146e-01  -8.6297498e-02
   8.1158894e-01   2.4160935e-01
   8.1173678e-01  -1.9451186e-01
   8.1176091e-01   2.7819113e-01
   8.1178455e-01  -4.9873655e-02
   8.1186647e-01   1.3237876e-01
   8.1199772e-01   1.6861502e-01
   8.1202494e-01   9.6055675e-02
   8.1213164e-01   5.9672663e-02
   8.1215969e-01  -1.3366617e-02
   8.1219780e-01   2.0516200e-01
   8.1220898e-01   3.5188821e-01
   8.1226409e-01   2.3195037e-02
   8.1273336e-01  -2.3059265e-01
   8.1362014e-01   4.6464104e-01
   8.1462530e-01  -2.6707010e-01
   8.1594994e-01  -4.1178069e-01
   8.1605194e-01  -3.0343119e-01
   8.1740514e-01  -3.3893203e-01
   8.1857418e-01  -3.7545652e-01
   8.1873186e-01  -4.6931697e-01
   8.2077889e-01   4.0765394e-01
   8.2140923e-01   4.4419954e-01
   8.2165122e-01  -1.4040653e-01
   8.2196537e-01  -1.0434923e-01
   8.2208522e-01  -1.7632998e-01
   8.2209918e-01   3.7046646e-01
   8.2224298e-01   2.9638150e-01
   8.2234835e-01  -6.8030843e-02
   8.2254883e-01  -4.3395818e-01
   8.2261555e-01   1.5044890e-01
   8.2261895e-01   3.3304433e-01
   8.2262416e-01   2.2337888e-01
   8.2262521e-01   2.5979219e-01
   8.2271121e-01  -3.1603888e-02
   8.2275240e-01   1.1417855e-01
   8.2280231e-01   1.8682797e-01
   8.2283921e-01   7.7824236e-02
   8.2293403e-01   4.1415617e-02
   8.2294598e-01   4.9116571e-03
   8.2296332e-01  -2.1239054e-01
   8.2440267e-01  -2.4859963e-01
   8.2533318e-01   5.0362244e-01
   8.2624482e-01  -2.8501659e-01
   8.2665798e-01  -5.0480272e-01
   8.2731519e-01  -3.2123481e-01
   8.2769362e-01  -3.9510545e-01
   8.2774491e-01   4.8160597e-01
   8.2926789e-01  -3.5779448e-01
   8.3111046e-01  -4.5208652e-01
   8.3159486e-01   4.2509966e-01
   8.3205412e-01   3.8867875e-01
   8.3210671e-01  -4.8472579e-01
   8.3259081e-01  -1.2228950e-01
   8.3269850e-01  -1.5823448e-01
   8.3289730e-01  -8.6116746e-02
   8.3291597e-01   3.1456591e-01
   8.3313501e-01   3.5155081e-01
   8.3320012e-01   2.7803639e-01
   8.3321934e-01   2.4150823e-01
   8.3323296e-01  -4.9777217e-02
   8.3335348e-01  -1.9422547e-01
   8.3342351e-01   1.3229041e-01
   8.3348272e-01   1.6859073e-01
   8.3351410e-01   9.5965468e-02
   8.3352969e-01  -1.3333907e-02
   8.3355237e-01   2.0506360e-01
   8.3358188e-01   5.9595205e-02
   8.3363875e-01   2.3157585e-02
   8.3410480e-01   4.6071757e-01
   8.3430472e-01  -2.3035075e-01
   8.3560256e-01  -4.1576584e-01
   8.3592316e-01  -2.6665150e-01
   8.3737949e-01  -3.0318727e-01
   8.3854255e-01  -3.3981369e-01
   8.3901595e-01  -3.7742096e-01
   8.4251482e-01   4.0637795e-01
   8.4282742e-01  -4.6853359e-01
   8.4297804e-01   4.9839550e-01
   8.4330204e-01   3.6985285e-01
   8.4341687e-01   4.4192702e-01
   8.4341726e-01  -1.4016504e-01
   8.4355027e-01  -1.0412611e-01
   8.4377433e-01   2.9623176e-01
   8.4379506e-01  -1.7612709e-01
   8.4381802e-01   3.3286275e-01
   8.4382736e-01  -6.7890291e-02
   8.4404827e-01   2.5969227e-01
   8.4411629e-01  -3.1527686e-02
   8.4412783e-01   2.2325875e-01
   8.4414505e-01   5.1870722e-01
   8.4417409e-01   1.5040617e-01
   8.4421185e-01  -4.3446659e-01
   8.4424020e-01   1.1410082e-01
   8.4425532e-01   1.8678204e-01
   8.4429302e-01   7.7755184e-02
   8.4431209e-01   4.9189796e-03
   8.4433913e-01   4.1366877e-02
   8.4455962e-01  -2.1220976e-01
   8.4488472e-01  -5.1923025e-01
   8.4580191e-01  -2.4841296e-01
   8.4582529e-01  -5.0041957e-01
   8.4714502e-01   4.7684795e-01
   8.4736426e-01  -2.8494755e-01
   8.4779643e-01  -3.9740925e-01
   8.4843686e-01  -3.2176414e-01
   8.4953582e-01  -3.5917442e-01
   8.5365293e-01   3.8778354e-01
   8.5372986e-01   4.2357775e-01
   8.5426988e-01  -1.2207658e-01
   8.5435106e-01   3.5115796e-01
   8.5439975e-01  -4.5189390e-01
   8.5440979e-01  -1.5806855e-01
   8.5443541e-01   3.1441586e-01
   8.5444809e-01  -8.5944205e-02
   8.5467494e-01   2.7790154e-01
   8.5470017e-01  -4.9665919e-02
   8.5477825e-01   2.4141549e-01
   8.5493274e-01  -1.3284098e-02
   8.5495158e-01   1.3223387e-01
   8.5496085e-01  -1.9410837e-01
   8.5497654e-01   1.6855932e-01
   8.5498569e-01   2.0498535e-01
   8.5499913e-01   9.5905556e-02
   8.5503207e-01   5.9547906e-02
   8.5504059e-01   2.3145494e-02
   8.5575653e-01  -4.8526741e-01
   8.5583752e-01  -2.3027070e-01
   8.5603185e-01   4.5854097e-01
   8.5670675e-01  -4.1638401e-01
   8.5717260e-01  -2.6670239e-01
   8.5841921e-01  -3.0355678e-01
   8.5918986e-01  -3.7884665e-01
   8.5927169e-01  -3.4081278e-01
   8.6043192e-01   4.9261802e-01
   8.6222578e-01  -5.3010906e-01
   8.6319225e-01   5.1196208e-01
   8.6449089e-01   5.3134335e-01
   8.6450592e-01   4.0532332e-01
   8.6478099e-01   3.6924301e-01
   8.6490743e-01  -5.0693837e-01
   8.6511760e-01  -1.4001237e-01
   8.6514838e-01  -1.0395035e-01
   8.6518411e-01   3.3262226e-01
   8.6529665e-01   2.9608098e-01
   8.6533387e-01  -6.7753727e-02
   8.6544967e-01  -1.7604239e-01
   8.6552336e-01   2.5959394e-01
   8.6555386e-01  -3.1443142e-02
   8.6563457e-01   2.2316885e-01
   8.6566421e-01   4.4055969e-01
   8.6570305e-01   1.5037255e-01
   8.6571598e-01   4.9447310e-03
   8.6573241e-01   1.1405236e-01
   8.6573310e-01   1.8673920e-01
   8.6575597e-01   7.7713223e-02
   8.6576561e-01   4.1345706e-02
   8.6611570e-01  -2.1217832e-01
   8.6613827e-01  -4.6912347e-01
   8.6639605e-01  -4.3455774e-01
   8.6714692e-01  -2.4851766e-01
   8.6838817e-01  -2.8526895e-01
   8.6854508e-01  -3.9797267e-01
   8.6897850e-01   4.7551503e-01
   8.6926738e-01  -3.2245996e-01
   8.6981814e-01  -3.6017785e-01
   8.7545578e-01   3.8704294e-01
   8.7579312e-01   3.5076395e-01
   8.7591187e-01  -1.2193363e-01
   8.7593069e-01   4.2264996e-01
   8.7596256e-01   3.1423785e-01
   8.7600428e-01  -8.5800611e-02
   8.7606314e-01  -1.5799024e-01
   8.7617974e-01   2.7777625e-01
   8.7618404e-01  -4.9557934e-02
   8.7631444e-01   2.4133281e-01
   8.7636379e-01  -1.3225159e-02
   8.7646127e-01   2.0492510e-01
   8.7646557e-01   2.3154400e-02
   8.7646571e-01   1.3219898e-01
   8.7646806e-01  -4.8901214e-01
   8.7647745e-01   1.6853181e-01
   8.7648321e-01   9.5871052e-02
   8.7648774e-01   5.9525723e-02
   8.7653103e-01  -1.9410308e-01
   8.7714651e-01  -4.5236962e-01
   8.7727955e-01  -2.3038436e-01
   8.7796048e-01   4.5793249e-01
   8.7815348e-01  -4.1659633e-01
   8.7832787e-01  -2.6699687e-01
   8.7906674e-01  -5.2093125e-01
   8.7920403e-01   4.9653894e-01
   8.7930267e-01  -3.0407207e-01
   8.7973939e-01  -3.7935002e-01
   8.7989550e-01  -3.4156024e-01
   8.8303958e-01  -5.3995707e-01
   8.8384477e-01   5.4027331e-01
   8.8394790e-01   5.1702622e-01
   8.8643953e-01   3.6873585e-01
   8.8653147e-01   4.0465043e-01
   8.8667977e-01   3.3236965e-01
   8.8673343e-01  -1.0382363e-01
   8.8675552e-01  -1.3992934e-01
   8.8683566e-01   2.9593218e-01
   8.8685114e-01  -6.7636256e-02
   8.8701409e-01  -3.1360016e-02
   8.8703211e-01   2.5950021e-01
   8.8704364e-01  -1.7603907e-01
   8.8714720e-01   4.9826385e-03
   8.8715003e-01   2.2309955e-01
   8.8720871e-01   4.1345777e-02
   8.8722015e-01   1.5035055e-01
   8.8722550e-01   7.7694222e-02
   8.8722643e-01   1.1402629e-01
   8.8722900e-01   1.8670522e-01
   8.8759594e-01  -2.1227949e-01
   8.8768059e-01   4.4023397e-01
   8.8769474e-01  -4.7143045e-01
   8.8838988e-01  -4.3490121e-01
   8.8840870e-01  -2.4877571e-01
   8.8881640e-01  -5.0552251e-01
   8.8890374e-01   4.7763247e-01
   8.8934789e-01  -2.8568683e-01
   8.8953053e-01  -3.9822754e-01
   8.9002224e-01  -3.2301592e-01
   8.9035768e-01  -3.6064704e-01
   8.9731038e-01   3.8655633e-01
   8.9737982e-01   3.5042886e-01
   8.9751070e-01  -1.2184647e-01
   8.9752442e-01   3.1405682e-01
   8.9755192e-01  -8.5690699e-02
   8.9765537e-01  -1.5797385e-01
   8.9767707e-01  -4.9462687e-02
   8.9771284e-01   2.7765873e-01
   8.9781534e-01  -1.3163859e-02
   8.9785101e-01   2.4126032e-01
   8.9788639e-01   4.2238352e-01
   8.9790887e-01   2.3177754e-02
   8.9795035e-01   5.9523573e-02
   8.9796313e-01   2.0488036e-01
   8.9796858e-01   9.5857273e-02
   8.9797423e-01   1.3218210e-01
   8.9798535e-01   1.6851328e-01
   8.9803611e-01  -1.9418460e-01
   8.9815108e-01   4.9756975e-01
   8.9863170e-01  -2.3059714e-01
   8.9878253e-01  -4.5370311e-01
   8.9880615e-01   4.5913713e-01
   8.9931762e-01  -4.8926999e-01
   8.9934923e-01   5.2961354e-01
   8.9938440e-01  -5.2604832e-01
   8.9941989e-01  -2.6734718e-01
   8.9956861e-01  -4.1686338e-01
   9.0015230e-01  -3.0450998e-01
   9.0048131e-01  -3.7962378e-01
   9.0060033e-01  -3.4198080e-01
   9.0355283e-01  -5.4662356e-01
   9.0703961e-01   5.4748025e-01
   9.0816381e-01   3.6839513e-01
   9.0825999e-01   3.3214574e-01
   9.0827235e-01   5.1359835e-01
   9.0829337e-01  -1.0373840e-01
   9.0833540e-01  -1.3989580e-01
   9.0836731e-01  -6.7542108e-02
   9.0839454e-01   4.0441686e-01
   9.0840019e-01   2.9579010e-01
   9.0848768e-01  -3.1284343e-02
   9.0856810e-01   2.5941400e-01
   9.0856981e-01  -1.7609345e-01
   9.0859738e-01   5.0266667e-03
   9.0866447e-01   4.1361267e-02
   9.0867827e-01   2.2304635e-01
   9.0870056e-01   7.7693706e-02
   9.0872228e-01   1.1401881e-01
   9.0873436e-01   1.5034143e-01
   9.0873963e-01   1.8668259e-01
   9.0898171e-01   4.4084106e-01
   9.0899935e-01  -2.1244485e-01
   9.0920351e-01   4.7829672e-01
   9.0960848e-01  -2.4906323e-01
   9.0979917e-01  -4.3564809e-01
   9.0981335e-01  -4.7213524e-01
   9.1000501e-01  -5.0926370e-01
   9.1029787e-01  -2.8605161e-01
   9.1056007e-01  -3.9844554e-01
   9.1081772e-01  -3.2337711e-01
   9.1104776e-01  -3.6093178e-01
   9.1902561e-01   3.5019375e-01
   9.1906621e-01  -1.2179910e-01
   9.1907879e-01   3.8636608e-01
   9.1908323e-01  -8.5610820e-02
   9.1911723e-01   3.1389094e-01
   9.1917209e-01  -4.9383336e-02
   9.1918609e-01  -1.5799840e-01
   9.1927322e-01   2.7755157e-01
   9.1928007e-01  -1.3105045e-02
   9.1936554e-01   2.3210062e-02
   9.1939906e-01   2.4119942e-01
   9.1940536e-01   4.2266393e-01
   9.1941952e-01   5.9536611e-02
   9.1945637e-01   9.5860631e-02
   9.1947447e-01  -1.9430525e-01
   9.1948196e-01   1.3218120e-01
   9.1948471e-01   2.0485018e-01
   9.1950087e-01   1.6850633e-01
   9.1964233e-01  -5.3030907e-01
   9.1973780e-01   4.5952369e-01
   9.1988704e-01   4.9594013e-01
   9.1991748e-01  -2.3082376e-01
   9.2040349e-01  -4.5433140e-01
   9.2048769e-01  -2.6765239e-01
   9.2049968e-01  -4.9182191e-01
   9.2071476e-01  -4.1726720e-01
   9.2071974e-01   5.3210715e-01
   9.2103067e-01  -3.0482494e-01
   9.2130781e-01  -3.7982152e-01
   9.2137158e-01  -3.4225737e-01
   9.2407281e-01  -5.5058397e-01
   9.2977473e-01   5.5123670e-01
   9.2982451e-01  -1.0368365e-01
   9.2984897e-01   3.6824620e-01
   9.2986204e-01  -1.3989344e-01
   9.2987315e-01   3.3196902e-01
   9.2987545e-01  -6.7469530e-02
   9.2996740e-01  -3.1218682e-02
   9.2998913e-01   2.9566396e-01
   9.2999869e-01   4.0454345e-01
   9.3003359e-01  -1.7617178e-01
   9.3003998e-01   5.1435909e-01
   9.3005975e-01   5.0724095e-03
   9.3012894e-01   2.5933956e-01
   9.3012945e-01   4.1387296e-02
   9.3018028e-01   7.7707876e-02
   9.3022053e-01   1.1402724e-01
   9.3022191e-01   2.2300842e-01
   9.3025046e-01   1.5034586e-01
   9.3026200e-01   4.4108996e-01
   9.3026363e-01   1.8667303e-01
   9.3034216e-01  -2.1261421e-01
   9.3058084e-01  -5.1231166e-01
   9.3058133e-01   4.7760302e-01
   9.3077407e-01  -2.4931062e-01
   9.3090416e-01  -4.7370848e-01
   9.3107378e-01  -4.3602808e-01
   9.3126525e-01  -2.8632501e-01
   9.3150798e-01  -3.9867180e-01
   9.3165556e-01  -3.2363298e-01
   9.3182494e-01  -3.6113185e-01
   9.4058163e-01  -1.2177635e-01
   9.4059547e-01  -8.5553831e-02
   9.4064964e-01   3.5005280e-01
   9.4066268e-01  -1.5803890e-01
   9.4066421e-01  -4.9319180e-02
   9.4068948e-01   3.8642067e-01
   9.4072746e-01   3.1375555e-01
   9.4075205e-01  -1.3051273e-02
   9.4081415e-01  -5.3254477e-01
   9.4083118e-01   2.3247177e-02
   9.4085824e-01   2.7746155e-01
   9.4085829e-01  -1.9442336e-01
   9.4086457e-01   4.2286588e-01
   9.4089398e-01   5.9560867e-02
   9.4094692e-01   9.5878213e-02
   9.4096366e-01   2.4115312e-01
   9.4099157e-01   1.3219502e-01
   9.4102351e-01   2.0483547e-01
   9.4102475e-01   1.6851278e-01
   9.4108577e-01   4.9603276e-01
   9.4110331e-01  -4.9360116e-01
   9.4115598e-01   4.5928069e-01
   9.4116112e-01  -2.3101415e-01
   9.4140522e-01  -4.5510013e-01
   9.4153137e-01   5.3366229e-01
   9.4155196e-01  -2.6788267e-01
   9.4178028e-01  -4.1744715e-01
   9.4193641e-01  -3.0505130e-01
   9.4215365e-01  -3.7998820e-01
   9.4219251e-01  -3.4245978e-01
   9.4382307e-01  -5.5205755e-01
   9.5079960e-01   5.1487315e-01
   9.5115280e-01  -5.1347092e-01
   9.5132805e-01  -1.0364815e-01
   9.5134401e-01  -1.3990315e-01
   9.5137279e-01  -6.7414052e-02
   9.5142235e-01   3.6820438e-01
   9.5144765e-01  -1.7624478e-01
   9.5144845e-01  -3.1163150e-02
   9.5148294e-01   3.3184745e-01
   9.5151928e-01   4.0473104e-01
   9.5152920e-01   5.1171147e-03
   9.5156562e-01  -4.7438033e-01
   9.5159659e-01   2.9556454e-01
   9.5160062e-01   4.1420166e-02
   9.5164291e-01  -2.1275126e-01
   9.5166365e-01   7.7733606e-02
   9.5171250e-01   2.5928264e-01
   9.5172154e-01   1.1404955e-01
   9.5176598e-01   4.4113421e-01
   9.5177086e-01   1.5036434e-01
   9.5178242e-01   2.2298786e-01
   9.5180045e-01   1.8667871e-01
   9.5184590e-01   4.7760048e-01
   9.5192201e-01  -2.4949322e-01
   9.5204657e-01  -4.3629594e-01
   9.5224783e-01  -2.8651968e-01
   9.5246046e-01  -3.9878043e-01
   9.5252182e-01  -3.2381258e-01
   9.5264012e-01   5.5201941e-01
   9.5265041e-01  -3.6129947e-01
   9.6156879e-01  -4.9351683e-01
   9.6206380e-01  -1.2176373e-01
   9.6208963e-01  -8.5511997e-02
   9.6209700e-01  -1.5807419e-01
   9.6211468e-01   4.9599400e-01
   9.6215118e-01  -4.9267671e-02
   9.6217261e-01   3.8644703e-01
   9.6220259e-01  -1.9451289e-01
   9.6221827e-01  -4.5513410e-01
   9.6222472e-01   3.4997615e-01
   9.6222721e-01  -1.3003456e-02
   9.6230220e-01   2.3286285e-02
   9.6234252e-01   3.1366097e-01
   9.6237219e-01   5.9593257e-02
   9.6237876e-01  -2.3114862e-01
   9.6238749e-01   4.2312988e-01
   9.6244002e-01   9.5907636e-02
   9.6246363e-01   2.7739559e-01
   9.6250431e-01   1.3222263e-01
   9.6254675e-01   2.4112654e-01
   9.6254843e-01   5.3344665e-01
   9.6255725e-01   1.6853431e-01
   9.6257839e-01   2.0483904e-01
   9.6261485e-01  -2.6803898e-01
   9.6261883e-01   4.5946187e-01
   9.6261924e-01  -5.5147896e-01
   9.6276723e-01  -4.1754286e-01
   9.6286113e-01  -3.0520546e-01
   9.6291879e-01  -5.3232837e-01
   9.6303545e-01  -3.4260001e-01
   9.6304807e-01  -3.8012268e-01
   9.7125684e-01   5.1437075e-01
   9.7155163e-01  -5.1219994e-01
   9.7226962e-01  -4.7372130e-01
   9.7279230e-01  -1.3990950e-01
   9.7280892e-01  -1.0362162e-01
   9.7282600e-01  -1.7629379e-01
   9.7285969e-01  -6.7370733e-02
   9.7290794e-01   4.0477371e-01
   9.7291568e-01  -2.1284024e-01
   9.7292840e-01  -3.1116696e-02
   9.7293219e-01   3.6816018e-01
   9.7300215e-01   5.1592598e-03
   9.7304745e-01  -4.3619854e-01
   9.7305842e-01  -2.4960856e-01
   9.7307546e-01   4.1457241e-02
   9.7307808e-01   3.3177527e-01
   9.7314958e-01   7.7768409e-02
   9.7321568e-01   2.9549696e-01
   9.7322523e-01   1.1408409e-01
   9.7323786e-01  -2.8664035e-01
   9.7326334e-01   4.7772883e-01
   9.7329636e-01   1.5039724e-01
   9.7330688e-01   4.4173489e-01
   9.7331699e-01   2.5925014e-01
   9.7334926e-01   1.8670228e-01
   9.7336021e-01   2.2298951e-01
   9.7340488e-01  -3.2392955e-01
   9.7344111e-01  -3.9893197e-01
   9.7349719e-01  -3.6139651e-01
   9.7565067e-01   5.5000147e-01
   9.8186673e-01  -5.4899588e-01
   9.8220707e-01  -4.9182159e-01
   9.8328528e-01  -4.5457126e-01
   9.8350177e-01  -1.5809107e-01
   9.8352023e-01  -1.9456200e-01
   9.8352173e-01  -1.2175028e-01
   9.8353534e-01   4.9553701e-01
   9.8356953e-01  -8.5478575e-02
   9.8357902e-01  -2.3122281e-01
   9.8359601e-01   3.8640329e-01
   9.8361865e-01   4.2324306e-01
   9.8363303e-01  -4.9226058e-02
   9.8367536e-01  -2.6812483e-01
   9.8370316e-01  -1.2961714e-02
   9.8377589e-01   2.3325566e-02
   9.8377871e-01   3.4992547e-01
   9.8379286e-01  -3.0528756e-01
   9.8385258e-01   5.9631499e-02
   9.8388466e-01  -4.1769533e-01
   9.8389632e-01  -3.4268121e-01
   9.8392859e-01  -3.8018920e-01
   9.8393511e-01   9.5946949e-02
   9.8395626e-01   3.1360095e-01
   9.8402035e-01   1.3226314e-01
   9.8408693e-01   2.7735957e-01
   9.8409763e-01   1.6857236e-01
   9.8411350e-01   5.3169321e-01
   9.8414780e-01   2.0486503e-01
   9.8414887e-01   2.4112743e-01
   9.8432761e-01   4.6063225e-01
   9.8459084e-01  -5.2949047e-01
   9.9153354e-01   5.1271857e-01
   9.9179099e-01  -5.0949686e-01
   9.9346258e-01  -4.7242411e-01
   9.9417016e-01  -2.1287696e-01
   9.9418113e-01  -1.7631070e-01
   9.9418570e-01  -2.4965746e-01
   9.9419547e-01   4.0473270e-01
   9.9421830e-01  -1.3990342e-01
   9.9423022e-01  -2.8669154e-01
   9.9427418e-01  -1.0359689e-01
   9.9429167e-01  -3.2397026e-01
   9.9431892e-01   4.4187897e-01
   9.9433883e-01  -6.7335636e-02
   9.9435806e-01  -3.6145322e-01
   9.9438997e-01  -3.9893913e-01
   9.9440663e-01  -3.1078250e-02
   9.9441124e-01  -4.3636784e-01
   9.9442826e-01   3.6812445e-01
   9.9447631e-01   5.1979549e-03
   9.9455195e-01   4.1496712e-02
   9.9463700e-01   7.7810401e-02
   9.9466517e-01   3.3172248e-01
   9.9473117e-01   1.1412933e-01
   9.9482646e-01   1.5044435e-01
   9.9484640e-01   2.9546026e-01
   9.9490806e-01   1.8674633e-01
   9.9494251e-01   2.5925178e-01
   9.9495395e-01   2.2301993e-01
   9.9548257e-01   4.7994237e-01
   9.9898661e-01   5.4524631e-01
   1.0023681e+00  -5.4433814e-01
   1.0033911e+00  -4.8950340e-01
   1.0047255e+00   4.2314409e-01
   1.0047286e+00  -3.0530124e-01
   1.0047309e+00  -2.6814188e-01
   1.0047502e+00  -3.4267908e-01
   1.0047677e+00  -2.3123683e-01
   1.0048217e+00  -1.9456851e-01
   1.0048340e+00  -3.8022631e-01
   1.0048887e+00  -1.5808456e-01
   1.0049419e+00  -4.1758095e-01
   1.0049650e+00  -1.2173034e-01
   1.0050069e+00   3.8640126e-01
   1.0050406e+00  -8.5449480e-02
   1.0050515e+00   4.6062807e-01
   1.0051024e+00  -4.5494870e-01
   1.0051114e+00  -4.9192554e-02
   1.0051788e+00  -1.2926180e-02
   1.0052502e+00   2.3363791e-02
   1.0053194e+00   3.4987648e-01
   1.0053338e+00   5.9674016e-02
   1.0054316e+00   9.5994589e-02
   1.0055392e+00   1.3231527e-01
   1.0055773e+00   3.1355985e-01
   1.0056438e+00   1.6862718e-01
   1.0057285e+00   2.0491773e-01
   1.0057321e+00   2.7736277e-01
   1.0057690e+00   2.4116539e-01
   1.0057745e+00   5.2463655e-01
   1.0061520e+00  -5.2543825e-01
   1.0066811e+00   5.0012184e-01
   1.0117802e+00  -5.0607985e-01
   1.0151825e+00  -3.2394633e-01
   1.0151972e+00  -3.6139655e-01
   1.0152194e+00  -2.8667283e-01
   1.0152371e+00   4.4154453e-01
   1.0153055e+00  -2.4964073e-01
   1.0154085e+00  -3.9897253e-01
   1.0154147e+00  -2.1286355e-01
   1.0155080e+00   4.0478242e-01
   1.0155236e+00  -1.7629558e-01
   1.0155628e+00  -4.3603785e-01
   1.0155771e+00   4.7939616e-01
   1.0156326e+00  -1.3988265e-01
   1.0157316e+00  -1.0357121e-01
   1.0158141e+00  -6.7307077e-02
   1.0158837e+00  -3.1047604e-02
   1.0158937e+00   3.6808977e-01
   1.0159501e+00   5.2323816e-03
   1.0160284e+00   4.1537383e-02
   1.0160550e+00  -4.7355188e-01
   1.0161250e+00   7.7858291e-02
   1.0162389e+00   1.1418384e-01
   1.0162548e+00   3.3166767e-01
   1.0163599e+00   1.5050437e-01
   1.0164728e+00   1.8681153e-01
   1.0165021e+00   2.9546124e-01
   1.0165596e+00   2.2308624e-01
   1.0165901e+00   2.5929979e-01
   1.0208858e+00   5.3840044e-01
   1.0236270e+00   5.1643098e-01
   1.0237471e+00  -5.3733849e-01
   1.0256124e+00  -3.4261686e-01
   1.0256602e+00  -3.0524487e-01
   1.0256860e+00  -3.8009205e-01
   1.0257795e+00  -2.6808844e-01
   1.0258232e+00   4.5965591e-01
   1.0259513e+00  -2.3119508e-01
   1.0259854e+00   4.2327295e-01
   1.0261161e+00  -1.9453686e-01
   1.0261790e+00  -4.1766308e-01
   1.0262464e+00  -4.5421819e-01
   1.0262677e+00  -1.5805688e-01
   1.0263647e+00   3.8639882e-01
   1.0264028e+00  -1.2170407e-01
   1.0265089e+00  -8.5424276e-02
   1.0265889e+00  -4.9167278e-02
   1.0266537e+00  -1.2897660e-02
   1.0267030e+00  -4.9279687e-01
   1.0267235e+00   2.3399978e-02
   1.0268145e+00   5.9719869e-02
   1.0268464e+00   3.4979969e-01
   1.0268510e+00   4.9661908e-01
   1.0269289e+00   9.6049451e-02
   1.0270604e+00   1.3237735e-01
   1.0271928e+00   1.6869702e-01
   1.0272288e+00   3.1354938e-01
   1.0272397e+00  -5.1656309e-01
   1.0273140e+00   2.0499849e-01
   1.0274034e+00   2.4125204e-01
   1.0274066e+00   2.7741970e-01
   1.0360571e+00  -3.6130049e-01
   1.0360666e+00  -3.2385082e-01
   1.0362000e+00  -2.8657754e-01
   1.0363060e+00  -3.9871009e-01
   1.0364227e+00  -2.4956343e-01
   1.0365148e+00   4.7646812e-01
   1.0366522e+00   4.4181789e-01
   1.0366576e+00  -2.1280758e-01
   1.0367369e+00   4.0484985e-01
   1.0368154e+00  -4.7193888e-01
   1.0368626e+00  -1.7625524e-01
   1.0370443e+00  -1.3985151e-01
   1.0371066e+00  -4.3632233e-01
   1.0371884e+00  -1.0354665e-01
   1.0372899e+00  -6.7286389e-02
   1.0373142e+00   3.6797828e-01
   1.0373607e+00  -3.1026113e-02
   1.0374222e+00   5.2613512e-03
   1.0375031e+00   4.1578505e-02
   1.0376127e+00   7.7911449e-02
   1.0377485e+00   1.1424639e-01
   1.0378789e+00   3.3163397e-01
   1.0378955e+00   1.5057478e-01
   1.0380380e+00   1.8689526e-01
   1.0381676e+00   2.2319118e-01
   1.0381988e+00   2.9552006e-01
   1.0382594e+00   2.5941318e-01
   1.0413356e+00   5.2996712e-01
   1.0442306e+00  -5.2861482e-01
   1.0445213e+00   5.1084082e-01
   1.0449722e+00  -5.0761966e-01
   1.0463367e+00  -4.8814831e-01
   1.0464608e+00  -3.4248531e-01
   1.0465792e+00  -3.0509961e-01
   1.0465937e+00  -3.7998006e-01
   1.0468246e+00  -2.6797013e-01
   1.0468580e+00   4.9245850e-01
   1.0471077e+00   4.2350209e-01
   1.0471375e+00  -2.3110701e-01
   1.0471493e+00  -4.1713226e-01
   1.0474123e+00  -1.9447805e-01
   1.0476170e+00   3.8623301e-01
   1.0476476e+00  -1.5801732e-01
   1.0478429e+00  -1.2167714e-01
   1.0479800e+00  -8.5406511e-02
   1.0480679e+00  -4.9152836e-02
   1.0481273e+00  -1.2878129e-02
   1.0481937e+00   2.3433138e-02
   1.0482265e+00   4.5993724e-01
   1.0482933e+00   5.9768750e-02
   1.0483079e+00  -4.5509109e-01
   1.0484098e+00   3.4972794e-01
   1.0484269e+00   9.6111066e-02
   1.0485844e+00   1.3244742e-01
   1.0487417e+00   1.6877781e-01
   1.0488948e+00   2.0510363e-01
   1.0489347e+00   3.1359595e-01
   1.0490395e+00   2.4139322e-01
   1.0491181e+00   2.7756400e-01
   1.0568857e+00  -3.6114921e-01
   1.0569277e+00  -3.2364290e-01
   1.0571783e+00  -2.8641219e-01
   1.0573735e+00  -3.9861593e-01
   1.0575444e+00  -2.4943618e-01
   1.0577352e+00   4.0460178e-01
   1.0579085e+00  -2.1272322e-01
   1.0579294e+00  -4.3519911e-01
   1.0579393e+00   4.4234637e-01
   1.0582061e+00  -1.7620468e-01
   1.0584608e+00  -1.3982014e-01
   1.0586511e+00  -1.0352991e-01
   1.0587699e+00  -6.7278217e-02
   1.0587710e+00   3.6785422e-01
   1.0588384e+00  -3.1017126e-02
   1.0588904e+00   5.2829622e-03
   1.0589741e+00   4.1619657e-02
   1.0590995e+00   7.7970023e-02
   1.0592608e+00   1.1431625e-01
   1.0594334e+00   1.5065206e-01
   1.0595694e+00   3.3164295e-01
   1.0595976e+00   1.8699131e-01
   1.0597624e+00   2.2333056e-01
   1.0598421e+00   4.7763281e-01
   1.0599354e+00   2.5960438e-01
   1.0599573e+00   2.9569637e-01
   1.0603324e+00  -4.7384120e-01
   1.0627554e+00   5.1902742e-01
   1.0637867e+00  -5.1844601e-01
   1.0641312e+00  -4.9675848e-01
   1.0655339e+00   4.9863249e-01
   1.0672584e+00  -3.4219681e-01
   1.0674377e+00  -3.7985161e-01
   1.0675009e+00  -3.0487613e-01
   1.0677543e+00   4.2310773e-01
   1.0678717e+00  -2.6779889e-01
   1.0683368e+00  -2.3098860e-01
   1.0686368e+00  -4.1708421e-01
   1.0686660e+00  -4.5254686e-01
   1.0687198e+00  -1.9441358e-01
   1.0689020e+00   3.8605625e-01
   1.0690343e+00  -1.5798145e-01
   1.0692915e+00  -1.2166015e-01
   1.0694583e+00  -8.5403674e-02
   1.0695503e+00  -4.9154537e-02
   1.0695983e+00  -1.2871091e-02
   1.0696578e+00   2.3462053e-02
   1.0697687e+00   5.9820958e-02
   1.0699260e+00   9.6179879e-02
   1.0700429e+00   3.4965741e-01
   1.0701133e+00   1.3252371e-01
   1.0702890e+00   1.6886361e-01
   1.0703637e+00   4.6152695e-01
   1.0704601e+00   2.0522435e-01
   1.0706540e+00   2.4158600e-01
   1.0707402e+00   3.1380160e-01
   1.0708498e+00   2.7781897e-01
   1.0775992e+00  -3.6075389e-01
   1.0777979e+00  -3.2334495e-01
   1.0779403e+00   4.4192284e-01
   1.0781624e+00  -2.8619129e-01
   1.0783454e+00  -3.9859625e-01
   1.0786804e+00  -2.4927484e-01
   1.0787744e+00   4.0440720e-01
   1.0791801e+00  -2.1263945e-01
   1.0795590e+00  -1.7616613e-01
   1.0797123e+00  -4.6804844e-01
   1.0798867e+00  -1.3980400e-01
   1.0799683e+00  -4.3520920e-01
   1.0801242e+00  -1.0353209e-01
   1.0802568e+00  -6.7290422e-02
   1.0802742e+00   3.6763837e-01
   1.0803164e+00  -3.1026192e-02
   1.0803511e+00   5.2942763e-03
   1.0804383e+00   4.1660570e-02
   1.0805847e+00   7.8035021e-02
   1.0806259e+00   4.8286389e-01
   1.0807781e+00   1.1439373e-01
   1.0809766e+00   1.5073229e-01
   1.0810910e+00  -4.8632096e-01
   1.0811472e+00   1.8709059e-01
   1.0813239e+00   2.2349349e-01
   1.0814149e+00   3.3187267e-01
   1.0815871e+00   2.5987368e-01
   1.0817596e+00   2.9602817e-01
   1.0825907e+00  -5.0694866e-01
   1.0830088e+00   5.0667346e-01
   1.0880298e+00  -3.7930370e-01
   1.0880718e+00  -3.4180712e-01
   1.0883779e+00   4.2310362e-01
   1.0884392e+00  -3.0459160e-01
   1.0889259e+00  -2.6758816e-01
   1.0895669e+00  -2.3087834e-01
   1.0900449e+00  -1.9437325e-01
   1.0900702e+00   4.6066883e-01
   1.0901455e+00   3.8559324e-01
   1.0901680e+00  -4.1725125e-01
   1.0904302e+00  -1.5797095e-01
   1.0907527e+00  -1.2166854e-01
   1.0909465e+00  -8.5426828e-02
   1.0910368e+00  -4.9180267e-02
   1.0910635e+00  -1.2881904e-02
   1.0911111e+00   2.3484929e-02
   1.0912379e+00   5.9877195e-02
   1.0914269e+00   9.6257533e-02
   1.0916520e+00   1.3260532e-01
   1.0918364e+00   1.6894733e-01
   1.0919113e+00   3.4990890e-01
   1.0919526e+00  -4.5265472e-01
   1.0920000e+00   2.0534792e-01
   1.0922154e+00   2.4181892e-01
   1.0925628e+00   2.7818883e-01
   1.0926233e+00   3.1422417e-01
   1.0980136e+00   4.4236615e-01
   1.0983395e+00  -3.6026420e-01
   1.0986955e+00  -3.2297716e-01
   1.0988073e+00  -3.9777962e-01
   1.0991582e+00  -2.8591848e-01
   1.0995112e+00   4.0356951e-01
   1.0998162e+00  -4.7307474e-01
   1.0998544e+00  -2.4913338e-01
   1.1001159e+00   4.7541455e-01
   1.1003023e+00   4.9453285e-01
   1.1004824e+00  -2.1259327e-01
   1.1008604e+00  -4.9411602e-01
   1.1009213e+00  -1.7616921e-01
   1.1013232e+00  -1.3982414e-01
   1.1016103e+00  -1.0356818e-01
   1.1017517e+00  -6.7333503e-02
   1.1017931e+00  -3.1061131e-02
   1.1017981e+00   5.2908119e-03
   1.1018912e+00   4.1700618e-02
   1.1020296e+00  -4.3587878e-01
   1.1020668e+00   7.8108179e-02
   1.1021301e+00   3.6792819e-01
   1.1023043e+00   1.1448069e-01
   1.1025318e+00   1.5081182e-01
   1.1026859e+00   1.8718234e-01
   1.1028300e+00   2.2366427e-01
   1.1031724e+00   2.6020933e-01
   1.1033801e+00   3.3240562e-01
   1.1035565e+00   2.9652374e-01
   1.1082005e+00   4.2158719e-01
   1.1086902e+00  -3.7873198e-01
   1.1089139e+00  -3.4134385e-01
   1.1094005e+00  -3.0421604e-01
   1.1100153e+00  -2.6742331e-01
   1.1108395e+00  -2.3081926e-01
   1.1109342e+00  -4.1565949e-01
   1.1113904e+00  -1.9439528e-01
   1.1118328e+00  -1.5801487e-01
   1.1118922e+00   3.8601802e-01
   1.1122279e+00  -1.2172206e-01
   1.1124448e+00  -8.5489548e-02
   1.1125177e+00  -1.2918323e-02
   1.1125263e+00  -4.9240018e-02
   1.1125460e+00   2.3498640e-02
   1.1126968e+00   5.9937968e-02
   1.1129295e+00   9.6346965e-02
   1.1130957e+00  -4.5647246e-01
   1.1132091e+00   1.3269293e-01
   1.1133896e+00   1.6902163e-01
   1.1135085e+00   2.0545922e-01
   1.1136870e+00   2.4207500e-01
   1.1139416e+00   3.5058787e-01
   1.1139854e+00   4.5901512e-01
   1.1142043e+00   2.7865957e-01
   1.1145191e+00   3.1487586e-01
   1.1165022e+00   4.3941490e-01
   1.1185301e+00  -4.8007807e-01
   1.1189962e+00   4.7968542e-01
   1.1190852e+00  -3.5972597e-01
   1.1195459e+00  -3.9717842e-01
   1.1196091e+00  -3.2242114e-01
   1.1202306e+00  -2.8574156e-01
   1.1210324e+00   4.0436600e-01
   1.1210722e+00  -2.4905998e-01
   1.1213256e+00  -4.3310232e-01
   1.1218244e+00  -2.1262830e-01
   1.1222864e+00  -1.7625442e-01
   1.1227663e+00  -1.3990723e-01
   1.1231091e+00  -1.0365556e-01
   1.1232212e+00   5.2654191e-03
   1.1232540e+00  -6.7419308e-02
   1.1232659e+00  -3.1132193e-02
   1.1233261e+00   4.1737895e-02
   1.1235431e+00   7.8191212e-02
   1.1238446e+00   1.1458118e-01
   1.1241118e+00   1.5088792e-01
   1.1241543e+00   3.6883700e-01
   1.1242172e+00   1.8725534e-01
   1.1242572e+00   2.2382439e-01
   1.1246440e+00   2.6059236e-01
   1.1252813e+00   2.9716266e-01
   1.1253751e+00   3.3325716e-01
   1.1292819e+00  -3.7821849e-01
   1.1294479e+00   4.2324446e-01
   1.1297043e+00  -3.4048391e-01
   1.1305301e+00  -3.0401405e-01
   1.1311150e+00  -2.6736200e-01
   1.1311765e+00  -4.4774497e-01
   1.1321661e+00  -2.3085267e-01
   1.1327576e+00  -1.9453385e-01
   1.1330179e+00  -4.1505346e-01
   1.1332318e+00  -1.5815160e-01
   1.1336976e+00   3.8733801e-01
   1.1337145e+00  -1.2184253e-01
   1.1338352e+00   4.4507049e-01
   1.1338431e+00  -4.6654612e-01
   1.1339501e+00  -8.5605473e-02
   1.1339513e+00   2.3497796e-02
   1.1339536e+00  -1.2992088e-02
   1.1340167e+00  -4.9345171e-02
   1.1341387e+00   6.0002065e-02
   1.1344318e+00   9.6451856e-02
   1.1347981e+00   1.3278979e-01
   1.1349591e+00   1.6907928e-01
   1.1349856e+00   2.0554219e-01
   1.1350288e+00   2.4233522e-01
   1.1354650e+00   4.6503520e-01
   1.1357191e+00   2.7920470e-01
   1.1359986e+00   3.5171477e-01
   1.1363400e+00   3.1572357e-01
   1.1395708e+00  -3.5837492e-01
   1.1398409e+00  -3.9711680e-01
   1.1408313e+00  -3.2217474e-01
   1.1413461e+00  -2.8573060e-01
   1.1423190e+00   4.0645054e-01
   1.1423334e+00  -2.4908198e-01
   1.1432238e+00  -2.1280751e-01
   1.1436354e+00  -1.7648026e-01
   1.1442026e+00  -1.4008299e-01
   1.1443945e+00  -4.3065333e-01
   1.1446050e+00   5.2073671e-03
   1.1446164e+00  -1.0380978e-01
   1.1447325e+00  -3.1254097e-02
   1.1447342e+00   4.1767519e-02
   1.1447620e+00  -6.7558616e-02
   1.1450082e+00   7.8283592e-02
   1.1454043e+00   1.1470174e-01
   1.1455806e+00   2.2395527e-01
   1.1457375e+00   1.5095952e-01
   1.1457502e+00   1.8729851e-01
   1.1459561e+00   2.6100050e-01
   1.1461418e+00   3.7037248e-01
   1.1468678e+00   2.9789986e-01
   1.1472794e+00   3.3437406e-01
   1.1485113e+00   4.2732026e-01
   1.1490301e+00  -3.7615143e-01
   1.1504882e+00  -4.5029693e-01
   1.1510134e+00  -3.4022053e-01
   1.1517762e+00  -3.0404737e-01
   1.1521605e+00  -2.6741043e-01
   1.1523859e+00   4.4833677e-01
   1.1535795e+00  -2.3103551e-01
   1.1541442e+00  -1.9487750e-01
   1.1546010e+00  -1.5842808e-01
   1.1552019e+00   3.8953809e-01
   1.1552047e+00  -1.2204651e-01
   1.1553113e+00   2.3473734e-02
   1.1553609e+00  -1.3119723e-02
   1.1554557e+00  -8.5782516e-02
   1.1555077e+00  -4.9511671e-02
   1.1555536e+00   6.0063365e-02
   1.1559255e+00   9.6574326e-02
   1.1561971e+00   2.4258452e-01
   1.1564386e+00   1.3290299e-01
   1.1564407e+00   2.0557973e-01
   1.1565605e+00   1.6911418e-01
   1.1569233e+00  -4.1399268e-01
   1.1570628e+00   2.7978627e-01
   1.1577657e+00  -3.9411230e-01
   1.1579202e+00   3.5319419e-01
   1.1580014e+00   3.1668452e-01
   1.1608736e+00  -3.5830764e-01
   1.1622230e+00  -3.2224385e-01
   1.1624335e+00  -2.8585321e-01
   1.1624604e+00   4.0993975e-01
   1.1636675e+00  -2.4922433e-01
   1.1647184e+00  -2.1324990e-01
   1.1649186e+00  -1.7693017e-01
   1.1654789e+00  -4.3417628e-01
   1.1656011e+00  -1.4037288e-01
   1.1659257e+00   5.1020234e-03
   1.1661062e+00   4.1779019e-02
   1.1661241e+00  -1.0403113e-01
   1.1661926e+00  -3.1445940e-02
   1.1662797e+00  -6.7767605e-02
   1.1664528e+00   7.8377323e-02
   1.1667668e+00   2.2403706e-01
   1.1669856e+00   1.1485055e-01
   1.1670724e+00   2.6141894e-01
   1.1673001e+00   1.8730367e-01
   1.1674422e+00   1.5102861e-01
   1.1675681e+00   4.3181022e-01
   1.1678759e+00   3.7235895e-01
   1.1682750e+00   2.9865559e-01
   1.1689852e+00   3.3559422e-01
   1.1699963e+00  -3.7696665e-01
   1.1724293e+00  -3.4042763e-01
   1.1730586e+00  -3.0416837e-01
   1.1730808e+00  -2.6754474e-01
   1.1751692e+00  -2.3149492e-01
   1.1752409e+00  -3.9835371e-01
   1.1755240e+00  -1.9558202e-01
   1.1758810e+00  -1.5888506e-01
   1.1759411e+00   3.9231388e-01
   1.1766060e+00   2.3414335e-02
   1.1766842e+00  -1.2231228e-01
   1.1767259e+00  -1.3322232e-02
   1.1769285e+00   6.0105030e-02
   1.1769603e+00  -8.6037366e-02
   1.1769994e+00  -4.9758840e-02
   1.1771381e+00   2.4280885e-01
   1.1773881e+00   9.6708206e-02
   1.1778994e+00   2.0555685e-01
   1.1781570e+00   1.3304497e-01
   1.1782120e+00   1.6912434e-01
   1.1782247e+00   2.8037652e-01
   1.1793192e+00  -4.1792166e-01
   1.1794688e+00   3.1757879e-01
   1.1795806e+00   3.5470324e-01
   1.1813497e+00   4.1541812e-01
   1.1819031e+00  -3.5907581e-01
   1.1834775e+00  -2.8599132e-01
   1.1836122e+00  -3.2224492e-01
   1.1851922e+00  -2.4956132e-01
   1.1860067e+00  -1.7770172e-01
   1.1863615e+00  -2.1422489e-01
   1.1868958e+00  -1.4071144e-01
   1.1871474e+00   4.9331950e-03
   1.1874380e+00   4.1753159e-02
   1.1876452e+00  -1.0433816e-01
   1.1876498e+00  -3.1729679e-02
   1.1877646e+00   2.2405251e-01
   1.1878156e+00  -6.8065017e-02
   1.1878643e+00   7.8445432e-02
   1.1879610e+00   2.6182857e-01
   1.1885776e+00   1.1503295e-01
   1.1888881e+00   1.8727487e-01
   1.1891686e+00  -3.7934440e-01
   1.1892201e+00   3.7416634e-01
   1.1892785e+00   1.5110279e-01
   1.1895409e+00   2.9936760e-01
   1.1904771e+00   3.3651218e-01
   1.1935188e+00  -3.4041355e-01
   1.1937521e+00  -3.9941460e-01
   1.1937521e+00   3.9941460e-01
   1.1938281e+00  -2.6770778e-01
   1.1944389e+00  -3.0394601e-01
   1.1967533e+00  -1.9690005e-01
   1.1969376e+00  -1.5937195e-01
   1.1971402e+00  -2.3263145e-01
   1.1977859e+00   2.4300203e-01
   1.1978148e+00   2.3307771e-02
   1.1980303e+00  -1.3621527e-02
   1.1981900e+00  -1.2265123e-01
   1.1982512e+00   6.0088223e-02
   1.1984572e+00  -8.6392116e-02
   1.1984914e+00  -5.0105707e-02
   1.1987686e+00   9.6823811e-02
   1.1992149e+00   2.8092527e-01
   1.1994187e+00   2.0547393e-01
   1.1999249e+00   1.6912055e-01
   1.1999835e+00   1.3323318e-01
   1.2008810e+00   3.1828310e-01
   1.2010064e+00   3.5536634e-01
   1.2018246e+00  -3.5963015e-01
   1.2042689e+00   3.8481303e-01
   1.2046526e+00  -2.8565775e-01
   1.2049382e+00  -3.2133375e-01
   1.2065533e+00  -1.7845884e-01
   1.2072809e+00  -2.5042279e-01
   1.2080665e+00  -2.1642219e-01
   1.2080888e+00  -1.4110222e-01
   1.2082152e+00   4.6913224e-03
   1.2082513e+00  -3.7901484e-01
   1.2084836e+00   2.2400226e-01
   1.2086070e+00   2.6220864e-01
   1.2087474e+00   4.1655951e-02
   1.2091169e+00  -3.2119168e-02
   1.2092025e+00  -1.0476432e-01
   1.2092327e+00   7.8422041e-02
   1.2093842e+00  -6.8471087e-02
   1.2101352e+00   1.1523580e-01
   1.2105380e+00   1.8725591e-01
   1.2107392e+00   2.9992311e-01
   1.2113283e+00   1.5119742e-01
   1.2120971e+00   3.3694882e-01
   1.2139045e+00  -3.3973211e-01
   1.2143439e+00   3.6983684e-01
   1.2145787e+00  -2.6745057e-01
   1.2160993e+00  -3.0183908e-01
   1.2171845e+00  -1.9806811e-01
   1.2178059e+00  -1.5989487e-01
   1.2180693e+00   2.4318146e-01
   1.2189257e+00   2.3136292e-02
   1.2192495e+00  -1.4015554e-02
   1.2195184e+00   5.9941050e-02
   1.2197380e+00  -2.3638317e-01
   1.2197977e+00  -1.2308996e-01
   1.2199175e+00  -8.6887386e-02
   1.2199647e+00   9.6838600e-02
   1.2199732e+00  -5.0555043e-02
   1.2200817e+00   2.8136162e-01
   1.2211147e+00   2.0539224e-01
   1.2215219e+00  -3.5851393e-01
   1.2216678e+00   1.6914386e-01
   1.2219384e+00   1.3347715e-01
   1.2224062e+00   3.1860876e-01
   1.2246836e+00   3.5333962e-01
   1.2255190e+00  -3.1945008e-01
   1.2263711e+00  -2.8157947e-01
   1.2265565e+00  -1.7920395e-01
   1.2284414e+00  -2.1797801e-01
   1.2287548e+00   2.2393350e-01
   1.2290303e+00   2.6254779e-01
   1.2290574e+00   4.3780504e-03
   1.2291702e+00  -1.4153699e-01
   1.2300980e+00   4.1415262e-02
   1.2305730e+00   7.8186868e-02
   1.2306228e+00  -3.2560420e-02
   1.2308293e+00  -1.0542083e-01
   1.2309112e+00  -2.5717140e-01
   1.2309990e+00  -6.8996574e-02
   1.2315406e+00   1.1538908e-01
   1.2319870e+00   3.0020687e-01
   1.2322553e+00   1.8740807e-01
   1.2337164e+00   1.5131455e-01
   1.2338219e+00  -3.3768288e-01
   1.2348289e+00   3.3588966e-01
   1.2365981e+00  -2.9845394e-01
   1.2371335e+00  -1.9905568e-01
   1.2379334e+00   2.4342521e-01
   1.2385398e+00  -1.6039586e-01
   1.2399573e+00   2.2887616e-02
   1.2400184e+00  -2.3793902e-01
   1.2403758e+00  -1.4474813e-02
   1.2407311e+00   5.9500717e-02
   1.2408026e+00   9.6625079e-02
   1.2409065e+00   2.8171000e-01
   1.2412184e+00  -8.7630735e-02
   1.2413857e+00  -5.0960809e-02
   1.2416878e+00  -1.2378629e-01
   1.2432180e+00   2.0555659e-01
   1.2432416e+00   1.6928663e-01
   1.2439958e+00   1.3369457e-01
   1.2445381e+00   3.1783524e-01
   1.2445795e+00  -2.7570204e-01
   1.2453045e+00  -3.1634724e-01
   1.2459449e+00  -1.7973557e-01
   1.2482540e+00   2.2403268e-01
   1.2485454e+00  -2.1854893e-01
   1.2492525e+00   2.6313713e-01
   1.2495733e+00   4.0236363e-03
   1.2501590e+00  -1.4219018e-01
   1.2516700e+00   4.0897064e-02
   1.2519177e+00   7.7476497e-02
   1.2522983e+00  -3.2899375e-02
   1.2524555e+00  -2.5583064e-01
   1.2525126e+00  -1.0668688e-01
   1.2525910e+00  -6.9394539e-02
   1.2525960e+00   1.1538283e-01
   1.2536936e+00   2.9938538e-01
   1.2539343e+00   1.8808217e-01
   1.2560019e+00  -2.9448501e-01
   1.2566005e+00   1.5127983e-01
   1.2569787e+00  -1.9911799e-01
   1.2572495e+00   2.4451051e-01
   1.2593709e+00  -1.6121518e-01
   1.2609342e+00   9.5819376e-02
   1.2609883e+00   2.2530847e-02
   1.2610626e+00  -2.3579346e-01
   1.2614344e+00  -1.4872586e-02
   1.2618381e+00  -8.8221397e-02
   1.2618937e+00   5.8516489e-02
   1.2622460e+00   2.8066159e-01
   1.2626657e+00  -5.1044761e-02
   1.2639266e+00   1.6924933e-01
   1.2641824e+00  -1.2588955e-01
   1.2649757e+00  -1.7996703e-01
   1.2652938e+00  -2.7358563e-01
   1.2660296e+00   2.0692062e-01
   1.2660954e+00   1.3388624e-01
   1.2661649e+00   2.2575419e-01
   1.2692675e+00  -2.1506470e-01
   1.2696417e+00   3.7033378e-03
   1.2701913e+00   2.6170758e-01
   1.2710549e+00  -1.4552558e-01
   1.2728230e+00   1.1483597e-01
   1.2733715e+00   7.5864838e-02
   1.2733860e+00  -1.0823395e-01
   1.2736992e+00  -2.5277336e-01
   1.2738445e+00   3.9846424e-02
   1.2742122e+00  -6.9098887e-02
   1.2744445e+00  -3.2800567e-02
   1.2746928e+00   1.8932962e-01
   1.2775720e+00   2.4244349e-01
   1.2777040e+00  -1.9341051e-01
   1.2798173e+00   9.4428169e-02
   1.2804285e+00   1.5128827e-01
   1.2805007e+00  -1.6883998e-01
   1.2809758e+00  -8.8495800e-02
   1.2815026e+00  -2.3139460e-01
   1.2821754e+00   2.2269067e-02
   1.2823612e+00   1.7017290e-01
   1.2824714e+00  -1.5282876e-02
   1.2828646e+00   5.6260567e-02
   1.2836659e+00  -4.9811582e-02
   1.2846225e+00   2.2216406e-01
   1.2865788e+00  -1.2836047e-01
   1.2875739e+00   1.3309069e-01
   1.2882388e+00  -1.4944271e-01
   1.2887137e+00  -2.0934526e-01
   1.2888042e+00   3.4394905e-03
   1.2902405e+00   2.0432646e-01
   1.2921723e+00   1.1359716e-01
   1.2928623e+00  -1.0918045e-01
   1.2947536e+00   7.4620771e-02
   1.2954044e+00  -1.8622262e-01
   1.2955587e+00  -6.9053409e-02
   1.2957175e+00   1.8506187e-01
   1.2974357e+00   3.6045634e-02
   1.2974381e+00   9.3584425e-02
   1.2978684e+00  -2.9661595e-02
   1.2984508e+00  -8.8959212e-02
   1.3007294e+00  -1.6525984e-01
   1.3009118e+00   1.6449056e-01
   1.3013672e+00   5.5080535e-02
   1.3019968e+00  -4.9174287e-02
   1.3033154e+00   1.5441092e-02
   1.3034368e+00  -8.8816862e-03
   1.3049320e+00   1.4642636e-01
   1.3056685e+00  -1.4285351e-01
   1.3087205e+00   1.2691661e-01
   1.3093629e+00  -1.2328653e-01
   1.3120360e+00   1.0681123e-01
   1.3126617e+00  -1.0255962e-01
   1.3149134e+00   8.5476694e-02
   1.3154940e+00  -8.0473383e-02
   1.3169395e+00   6.6366023e-02
   1.3174290e+00  -6.0841294e-02
   1.3186083e+00   4.4787205e-02
   1.3189541e+00  -3.8832713e-02
   1.3195538e+00   2.5371154e-02
   1.3197463e+00  -1.9132397e-02
   1.3199930e+00   3.1728128e-03
