   1.0000000e+00
   2.0000000e+00
   3.0000000e+00
   4.0000000e+00
   5.0000000e+00
   6.0000000e+00
   7.0000000e+00
   8.0000000e+00
   9.0000000e+00
   1.0000000e+01
   1.1000000e+01
   1.2000000e+01
   1.3000000e+01
   1.4000000e+01
   1.5000000e+01
   1.6000000e+01
   1.7000000e+01
   1.8000000e+01
   1.9000000e+01
   2.0000000e+01
   2.1000000e+01
   2.2000000e+01
   2.3000000e+01
   2.4000000e+01
   2.5000000e+01
   2.6000000e+01
   2.7000000e+01
   3.1000000e+01
   3.5000000e+01
   3.6000000e+01
   3.9000000e+01
   4.2000000e+01
   4.7000000e+01
   5.2000000e+01
   5.4000000e+01
   5.6000000e+01
   5.9000000e+01
   6.3000000e+01
   6.5000000e+01
   6.9000000e+01
   7.8000000e+01
   8.1000000e+01
   8.5000000e+01
   8.8000000e+01
   9.7000000e+01
   1.0500000e+02
   1.0900000e+02
   1.1200000e+02
   1.1500000e+02
   1.3000000e+02
   1.3700000e+02
   1.4200000e+02
   1.4600000e+02
   1.6500000e+02
   1.6700000e+02
   1.7800000e+02
   1.8100000e+02
   2.0100000e+02
   2.0200000e+02
   2.2700000e+02
   2.3200000e+02
   2.4400000e+02
   2.6000000e+02
   2.7100000e+02
   2.8200000e+02
   3.0400000e+02
   3.1100000e+02
   3.4100000e+02
   3.4500000e+02
   3.7400000e+02
   3.8200000e+02
   4.0300000e+02
   4.2100000e+02
   4.4300000e+02
   4.5000000e+02
   4.8500000e+02
   4.8600000e+02
   5.3500000e+02
   5.3600000e+02
   5.9000000e+02
   5.9300000e+02
   6.3800000e+02
   6.3900000e+02
   6.8400000e+02
   6.9200000e+02
   7.5800000e+02
   7.7400000e+02
   8.2100000e+02
   8.2300000e+02
   8.8000000e+02
   9.1500000e+02
   9.6300000e+02
   9.8600000e+02
   1.0480000e+03
   1.0630000e+03
   1.1100000e+03
   1.1580000e+03
   1.2080000e+03
   1.2580000e+03
   1.3080000e+03
   1.3580000e+03
   1.4080000e+03
   1.4580000e+03
   1.5090000e+03
   1.5120000e+03
   1.6100000e+03
   1.6140000e+03
   1.7110000e+03
   1.7160000e+03
   1.8090000e+03
   1.8160000e+03
   1.9000000e+03
   1.9180000e+03
   1.9960000e+03
   2.0210000e+03
   2.1080000e+03
   2.1210000e+03
   2.1710000e+03
   2.2210000e+03
   2.2710000e+03
   2.3210000e+03
   2.3710000e+03
   2.4190000e+03
   2.4700000e+03
   2.4990000e+03
   2.5610000e+03
   2.5690000e+03
   2.6170000e+03
   2.6640000e+03
   2.7120000e+03
   2.7580000e+03
   2.8060000e+03
   2.8090000e+03
   2.8920000e+03
   2.9020000e+03
   2.9480000e+03
   2.9890000e+03
   3.0340000e+03
   3.0400000e+03
   3.0840000e+03
   3.1260000e+03
   3.1680000e+03
   3.1760000e+03
   3.2140000e+03
   3.2560000e+03
   3.2950000e+03
   3.3000000e+03
   3.3400000e+03
   3.3810000e+03
   3.3820000e+03
   3.4230000e+03
   3.4320000e+03
   3.4670000e+03
   3.5010000e+03
   3.5400000e+03
   3.5410000e+03
   3.5790000e+03
   3.5800000e+03
   3.6170000e+03
   3.6230000e+03
   3.6550000e+03
   3.6870000e+03
   3.6900000e+03
   3.7230000e+03
   3.7240000e+03
   3.7570000e+03
   3.7580000e+03
   3.7900000e+03
   3.7910000e+03
   3.8220000e+03
   3.8230000e+03
   3.8520000e+03
   3.8550000e+03
   3.8800000e+03
   3.8850000e+03
   3.8970000e+03
   3.9120000e+03
   3.9160000e+03
   3.9380000e+03
   3.9400000e+03
   3.9600000e+03
   3.9650000e+03
   3.9730000e+03
   3.9860000e+03
   3.9910000e+03
   3.9980000e+03
   4.0110000e+03
   4.0150000e+03
   4.0280000e+03
   4.0300000e+03
   4.0350000e+03
   4.0380000e+03
   4.0500000e+03
   4.0520000e+03
   4.0580000e+03
   4.0620000e+03
   4.0680000e+03
   4.0700000e+03
   4.0740000e+03
   4.0760000e+03
   4.0810000e+03
   4.0850000e+03
   4.0880000e+03
   4.0890000e+03
   4.0940000e+03
   4.0950000e+03
   4.0960000e+03
   4.0970000e+03
   4.0980000e+03
   4.0990000e+03
   4.1000000e+03
   4.1010000e+03
   4.1020000e+03
   4.1030000e+03
   4.1040000e+03
   4.1050000e+03
   4.1060000e+03
   4.1070000e+03
   4.1080000e+03
   4.1090000e+03
   4.1100000e+03
   4.1110000e+03
   4.1120000e+03
